  2.4000000e+001  6.3200000e-003  1.8000000e+001  2.3100000e+000  0.0000000e+000  5.3800000e-001  6.5750000e+000  6.5200000e+001  4.0900000e+000  1.0000000e+000  2.9600000e+002  1.5300000e+001  3.9690000e+002  4.9800000e+000
  2.1600000e+001  2.7310000e-002  0.0000000e+000  7.0700000e+000  0.0000000e+000  4.6900000e-001  6.4210000e+000  7.8900000e+001  4.9671000e+000  2.0000000e+000  2.4200000e+002  1.7800000e+001  3.9690000e+002  9.1400000e+000
  3.4700000e+001  2.7290000e-002  0.0000000e+000  7.0700000e+000  0.0000000e+000  4.6900000e-001  7.1850000e+000  6.1100000e+001  4.9671000e+000  2.0000000e+000  2.4200000e+002  1.7800000e+001  3.9283000e+002  4.0300000e+000
  3.3400000e+001  3.2370000e-002  0.0000000e+000  2.1800000e+000  0.0000000e+000  4.5800000e-001  6.9980000e+000  4.5800000e+001  6.0622000e+000  3.0000000e+000  2.2200000e+002  1.8700000e+001  3.9463000e+002  2.9400000e+000
  3.6200000e+001  6.9050000e-002  0.0000000e+000  2.1800000e+000  0.0000000e+000  4.5800000e-001  7.1470000e+000  5.4200000e+001  6.0622000e+000  3.0000000e+000  2.2200000e+002  1.8700000e+001  3.9690000e+002  5.3300000e+000
  2.8700000e+001  2.9850000e-002  0.0000000e+000  2.1800000e+000  0.0000000e+000  4.5800000e-001  6.4300000e+000  5.8700000e+001  6.0622000e+000  3.0000000e+000  2.2200000e+002  1.8700000e+001  3.9412000e+002  5.2100000e+000
  2.2900000e+001  8.8290000e-002  1.2500000e+001  7.8700000e+000  0.0000000e+000  5.2400000e-001  6.0120000e+000  6.6600000e+001  5.5605000e+000  5.0000000e+000  3.1100000e+002  1.5200000e+001  3.9560000e+002  1.2430000e+001
  2.7100000e+001  1.4455000e-001  1.2500000e+001  7.8700000e+000  0.0000000e+000  5.2400000e-001  6.1720000e+000  9.6100000e+001  5.9505000e+000  5.0000000e+000  3.1100000e+002  1.5200000e+001  3.9690000e+002  1.9150000e+001
  1.6500000e+001  2.1124000e-001  1.2500000e+001  7.8700000e+000  0.0000000e+000  5.2400000e-001  5.6310000e+000  1.0000000e+002  6.0821000e+000  5.0000000e+000  3.1100000e+002  1.5200000e+001  3.8663000e+002  2.9930000e+001
  1.8900000e+001  1.7004000e-001  1.2500000e+001  7.8700000e+000  0.0000000e+000  5.2400000e-001  6.0040000e+000  8.5900000e+001  6.5921000e+000  5.0000000e+000  3.1100000e+002  1.5200000e+001  3.8671000e+002  1.7100000e+001
  1.5000000e+001  2.2489000e-001  1.2500000e+001  7.8700000e+000  0.0000000e+000  5.2400000e-001  6.3770000e+000  9.4300000e+001  6.3467000e+000  5.0000000e+000  3.1100000e+002  1.5200000e+001  3.9252000e+002  2.0450000e+001
  1.8900000e+001  1.1747000e-001  1.2500000e+001  7.8700000e+000  0.0000000e+000  5.2400000e-001  6.0090000e+000  8.2900000e+001  6.2267000e+000  5.0000000e+000  3.1100000e+002  1.5200000e+001  3.9690000e+002  1.3270000e+001
  2.1700000e+001  9.3780000e-002  1.2500000e+001  7.8700000e+000  0.0000000e+000  5.2400000e-001  5.8890000e+000  3.9000000e+001  5.4509000e+000  5.0000000e+000  3.1100000e+002  1.5200000e+001  3.9050000e+002  1.5710000e+001
  2.0400000e+001  6.2976000e-001  0.0000000e+000  8.1400000e+000  0.0000000e+000  5.3800000e-001  5.9490000e+000  6.1800000e+001  4.7075000e+000  4.0000000e+000  3.0700000e+002  2.1000000e+001  3.9690000e+002  8.2600000e+000
  1.8200000e+001  6.3796000e-001  0.0000000e+000  8.1400000e+000  0.0000000e+000  5.3800000e-001  6.0960000e+000  8.4500000e+001  4.4619000e+000  4.0000000e+000  3.0700000e+002  2.1000000e+001  3.8002000e+002  1.0260000e+001
  1.9900000e+001  6.2739000e-001  0.0000000e+000  8.1400000e+000  0.0000000e+000  5.3800000e-001  5.8340000e+000  5.6500000e+001  4.4986000e+000  4.0000000e+000  3.0700000e+002  2.1000000e+001  3.9562000e+002  8.4700000e+000
  2.3100000e+001  1.0539300e+000  0.0000000e+000  8.1400000e+000  0.0000000e+000  5.3800000e-001  5.9350000e+000  2.9300000e+001  4.4986000e+000  4.0000000e+000  3.0700000e+002  2.1000000e+001  3.8685000e+002  6.5800000e+000
  1.7500000e+001  7.8420000e-001  0.0000000e+000  8.1400000e+000  0.0000000e+000  5.3800000e-001  5.9900000e+000  8.1700000e+001  4.2579000e+000  4.0000000e+000  3.0700000e+002  2.1000000e+001  3.8675000e+002  1.4670000e+001
  2.0200000e+001  8.0271000e-001  0.0000000e+000  8.1400000e+000  0.0000000e+000  5.3800000e-001  5.4560000e+000  3.6600000e+001  3.7965000e+000  4.0000000e+000  3.0700000e+002  2.1000000e+001  2.8899000e+002  1.1690000e+001
  1.8200000e+001  7.2580000e-001  0.0000000e+000  8.1400000e+000  0.0000000e+000  5.3800000e-001  5.7270000e+000  6.9500000e+001  3.7965000e+000  4.0000000e+000  3.0700000e+002  2.1000000e+001  3.9095000e+002  1.1280000e+001
  1.3600000e+001  1.2517900e+000  0.0000000e+000  8.1400000e+000  0.0000000e+000  5.3800000e-001  5.5700000e+000  9.8100000e+001  3.7979000e+000  4.0000000e+000  3.0700000e+002  2.1000000e+001  3.7657000e+002  2.1020000e+001
  1.9600000e+001  8.5204000e-001  0.0000000e+000  8.1400000e+000  0.0000000e+000  5.3800000e-001  5.9650000e+000  8.9200000e+001  4.0123000e+000  4.0000000e+000  3.0700000e+002  2.1000000e+001  3.9253000e+002  1.3830000e+001
  1.5200000e+001  1.2324700e+000  0.0000000e+000  8.1400000e+000  0.0000000e+000  5.3800000e-001  6.1420000e+000  9.1700000e+001  3.9769000e+000  4.0000000e+000  3.0700000e+002  2.1000000e+001  3.9690000e+002  1.8720000e+001
  1.4500000e+001  9.8843000e-001  0.0000000e+000  8.1400000e+000  0.0000000e+000  5.3800000e-001  5.8130000e+000  1.0000000e+002  4.0952000e+000  4.0000000e+000  3.0700000e+002  2.1000000e+001  3.9454000e+002  1.9880000e+001
  1.5600000e+001  7.5026000e-001  0.0000000e+000  8.1400000e+000  0.0000000e+000  5.3800000e-001  5.9240000e+000  9.4100000e+001  4.3996000e+000  4.0000000e+000  3.0700000e+002  2.1000000e+001  3.9433000e+002  1.6300000e+001
  1.3900000e+001  8.4054000e-001  0.0000000e+000  8.1400000e+000  0.0000000e+000  5.3800000e-001  5.5990000e+000  8.5700000e+001  4.4546000e+000  4.0000000e+000  3.0700000e+002  2.1000000e+001  3.0342000e+002  1.6510000e+001
  1.6600000e+001  6.7191000e-001  0.0000000e+000  8.1400000e+000  0.0000000e+000  5.3800000e-001  5.8130000e+000  9.0300000e+001  4.6820000e+000  4.0000000e+000  3.0700000e+002  2.1000000e+001  3.7688000e+002  1.4810000e+001
  1.4800000e+001  9.5577000e-001  0.0000000e+000  8.1400000e+000  0.0000000e+000  5.3800000e-001  6.0470000e+000  8.8800000e+001  4.4534000e+000  4.0000000e+000  3.0700000e+002  2.1000000e+001  3.0638000e+002  1.7280000e+001
  1.8400000e+001  7.7299000e-001  0.0000000e+000  8.1400000e+000  0.0000000e+000  5.3800000e-001  6.4950000e+000  9.4400000e+001  4.4547000e+000  4.0000000e+000  3.0700000e+002  2.1000000e+001  3.8794000e+002  1.2800000e+001
  2.1000000e+001  1.0024500e+000  0.0000000e+000  8.1400000e+000  0.0000000e+000  5.3800000e-001  6.6740000e+000  8.7300000e+001  4.2390000e+000  4.0000000e+000  3.0700000e+002  2.1000000e+001  3.8023000e+002  1.1980000e+001
  1.2700000e+001  1.1308100e+000  0.0000000e+000  8.1400000e+000  0.0000000e+000  5.3800000e-001  5.7130000e+000  9.4100000e+001  4.2330000e+000  4.0000000e+000  3.0700000e+002  2.1000000e+001  3.6017000e+002  2.2600000e+001
  1.4500000e+001  1.3547200e+000  0.0000000e+000  8.1400000e+000  0.0000000e+000  5.3800000e-001  6.0720000e+000  1.0000000e+002  4.1750000e+000  4.0000000e+000  3.0700000e+002  2.1000000e+001  3.7673000e+002  1.3040000e+001
  1.3200000e+001  1.3879900e+000  0.0000000e+000  8.1400000e+000  0.0000000e+000  5.3800000e-001  5.9500000e+000  8.2000000e+001  3.9900000e+000  4.0000000e+000  3.0700000e+002  2.1000000e+001  2.3260000e+002  2.7710000e+001
  1.3100000e+001  1.1517200e+000  0.0000000e+000  8.1400000e+000  0.0000000e+000  5.3800000e-001  5.7010000e+000  9.5000000e+001  3.7872000e+000  4.0000000e+000  3.0700000e+002  2.1000000e+001  3.5877000e+002  1.8350000e+001
  1.3500000e+001  1.6128200e+000  0.0000000e+000  8.1400000e+000  0.0000000e+000  5.3800000e-001  6.0960000e+000  9.6900000e+001  3.7598000e+000  4.0000000e+000  3.0700000e+002  2.1000000e+001  2.4831000e+002  2.0340000e+001
  1.8900000e+001  6.4170000e-002  0.0000000e+000  5.9600000e+000  0.0000000e+000  4.9900000e-001  5.9330000e+000  6.8200000e+001  3.3603000e+000  5.0000000e+000  2.7900000e+002  1.9200000e+001  3.9690000e+002  9.6800000e+000
  2.0000000e+001  9.7440000e-002  0.0000000e+000  5.9600000e+000  0.0000000e+000  4.9900000e-001  5.8410000e+000  6.1400000e+001  3.3779000e+000  5.0000000e+000  2.7900000e+002  1.9200000e+001  3.7756000e+002  1.1410000e+001
  2.1000000e+001  8.0140000e-002  0.0000000e+000  5.9600000e+000  0.0000000e+000  4.9900000e-001  5.8500000e+000  4.1500000e+001  3.9342000e+000  5.0000000e+000  2.7900000e+002  1.9200000e+001  3.9690000e+002  8.7700000e+000
  2.4700000e+001  1.7505000e-001  0.0000000e+000  5.9600000e+000  0.0000000e+000  4.9900000e-001  5.9660000e+000  3.0200000e+001  3.8473000e+000  5.0000000e+000  2.7900000e+002  1.9200000e+001  3.9343000e+002  1.0130000e+001
  3.0800000e+001  2.7630000e-002  7.5000000e+001  2.9500000e+000  0.0000000e+000  4.2800000e-001  6.5950000e+000  2.1800000e+001  5.4011000e+000  3.0000000e+000  2.5200000e+002  1.8300000e+001  3.9563000e+002  4.3200000e+000
  3.4900000e+001  3.3590000e-002  7.5000000e+001  2.9500000e+000  0.0000000e+000  4.2800000e-001  7.0240000e+000  1.5800000e+001  5.4011000e+000  3.0000000e+000  2.5200000e+002  1.8300000e+001  3.9562000e+002  1.9800000e+000
  2.6600000e+001  1.2744000e-001  0.0000000e+000  6.9100000e+000  0.0000000e+000  4.4800000e-001  6.7700000e+000  2.9000000e+000  5.7209000e+000  3.0000000e+000  2.3300000e+002  1.7900000e+001  3.8541000e+002  4.8400000e+000
  2.5300000e+001  1.4150000e-001  0.0000000e+000  6.9100000e+000  0.0000000e+000  4.4800000e-001  6.1690000e+000  6.6000000e+000  5.7209000e+000  3.0000000e+000  2.3300000e+002  1.7900000e+001  3.8337000e+002  5.8100000e+000
  2.4700000e+001  1.5936000e-001  0.0000000e+000  6.9100000e+000  0.0000000e+000  4.4800000e-001  6.2110000e+000  6.5000000e+000  5.7209000e+000  3.0000000e+000  2.3300000e+002  1.7900000e+001  3.9446000e+002  7.4400000e+000
  2.1200000e+001  1.2269000e-001  0.0000000e+000  6.9100000e+000  0.0000000e+000  4.4800000e-001  6.0690000e+000  4.0000000e+001  5.7209000e+000  3.0000000e+000  2.3300000e+002  1.7900000e+001  3.8939000e+002  9.5500000e+000
  1.9300000e+001  1.7142000e-001  0.0000000e+000  6.9100000e+000  0.0000000e+000  4.4800000e-001  5.6820000e+000  3.3800000e+001  5.1004000e+000  3.0000000e+000  2.3300000e+002  1.7900000e+001  3.9690000e+002  1.0210000e+001
  2.0000000e+001  1.8836000e-001  0.0000000e+000  6.9100000e+000  0.0000000e+000  4.4800000e-001  5.7860000e+000  3.3300000e+001  5.1004000e+000  3.0000000e+000  2.3300000e+002  1.7900000e+001  3.9690000e+002  1.4150000e+001
  1.6600000e+001  2.2927000e-001  0.0000000e+000  6.9100000e+000  0.0000000e+000  4.4800000e-001  6.0300000e+000  8.5500000e+001  5.6894000e+000  3.0000000e+000  2.3300000e+002  1.7900000e+001  3.9274000e+002  1.8800000e+001
  1.4400000e+001  2.5387000e-001  0.0000000e+000  6.9100000e+000  0.0000000e+000  4.4800000e-001  5.3990000e+000  9.5300000e+001  5.8700000e+000  3.0000000e+000  2.3300000e+002  1.7900000e+001  3.9690000e+002  3.0810000e+001
  1.9400000e+001  2.1977000e-001  0.0000000e+000  6.9100000e+000  0.0000000e+000  4.4800000e-001  5.6020000e+000  6.2000000e+001  6.0877000e+000  3.0000000e+000  2.3300000e+002  1.7900000e+001  3.9690000e+002  1.6200000e+001
  1.9700000e+001  8.8730000e-002  2.1000000e+001  5.6400000e+000  0.0000000e+000  4.3900000e-001  5.9630000e+000  4.5700000e+001  6.8147000e+000  4.0000000e+000  2.4300000e+002  1.6800000e+001  3.9556000e+002  1.3450000e+001
  2.0500000e+001  4.3370000e-002  2.1000000e+001  5.6400000e+000  0.0000000e+000  4.3900000e-001  6.1150000e+000  6.3000000e+001  6.8147000e+000  4.0000000e+000  2.4300000e+002  1.6800000e+001  3.9397000e+002  9.4300000e+000
  2.5000000e+001  5.3600000e-002  2.1000000e+001  5.6400000e+000  0.0000000e+000  4.3900000e-001  6.5110000e+000  2.1100000e+001  6.8147000e+000  4.0000000e+000  2.4300000e+002  1.6800000e+001  3.9690000e+002  5.2800000e+000
  2.3400000e+001  4.9810000e-002  2.1000000e+001  5.6400000e+000  0.0000000e+000  4.3900000e-001  5.9980000e+000  2.1400000e+001  6.8147000e+000  4.0000000e+000  2.4300000e+002  1.6800000e+001  3.9690000e+002  8.4300000e+000
  1.8900000e+001  1.3600000e-002  7.5000000e+001  4.0000000e+000  0.0000000e+000  4.1000000e-001  5.8880000e+000  4.7600000e+001  7.3197000e+000  3.0000000e+000  4.6900000e+002  2.1100000e+001  3.9690000e+002  1.4800000e+001
  3.5400000e+001  1.3110000e-002  9.0000000e+001  1.2200000e+000  0.0000000e+000  4.0300000e-001  7.2490000e+000  2.1900000e+001  8.6966000e+000  5.0000000e+000  2.2600000e+002  1.7900000e+001  3.9593000e+002  4.8100000e+000
  2.4700000e+001  2.0550000e-002  8.5000000e+001  7.4000000e-001  0.0000000e+000  4.1000000e-001  6.3830000e+000  3.5700000e+001  9.1876000e+000  2.0000000e+000  3.1300000e+002  1.7300000e+001  3.9690000e+002  5.7700000e+000
  3.1600000e+001  1.4320000e-002  1.0000000e+002  1.3200000e+000  0.0000000e+000  4.1100000e-001  6.8160000e+000  4.0500000e+001  8.3248000e+000  5.0000000e+000  2.5600000e+002  1.5100000e+001  3.9290000e+002  3.9500000e+000
  2.3300000e+001  1.5445000e-001  2.5000000e+001  5.1300000e+000  0.0000000e+000  4.5300000e-001  6.1450000e+000  2.9200000e+001  7.8148000e+000  8.0000000e+000  2.8400000e+002  1.9700000e+001  3.9068000e+002  6.8600000e+000
  1.9600000e+001  1.0328000e-001  2.5000000e+001  5.1300000e+000  0.0000000e+000  4.5300000e-001  5.9270000e+000  4.7200000e+001  6.9320000e+000  8.0000000e+000  2.8400000e+002  1.9700000e+001  3.9690000e+002  9.2200000e+000
  1.8700000e+001  1.4932000e-001  2.5000000e+001  5.1300000e+000  0.0000000e+000  4.5300000e-001  5.7410000e+000  6.6200000e+001  7.2254000e+000  8.0000000e+000  2.8400000e+002  1.9700000e+001  3.9511000e+002  1.3150000e+001
  1.6000000e+001  1.7171000e-001  2.5000000e+001  5.1300000e+000  0.0000000e+000  4.5300000e-001  5.9660000e+000  9.3400000e+001  6.8185000e+000  8.0000000e+000  2.8400000e+002  1.9700000e+001  3.7808000e+002  1.4440000e+001
  2.2200000e+001  1.1027000e-001  2.5000000e+001  5.1300000e+000  0.0000000e+000  4.5300000e-001  6.4560000e+000  6.7800000e+001  7.2255000e+000  8.0000000e+000  2.8400000e+002  1.9700000e+001  3.9690000e+002  6.7300000e+000
  2.5000000e+001  1.2650000e-001  2.5000000e+001  5.1300000e+000  0.0000000e+000  4.5300000e-001  6.7620000e+000  4.3400000e+001  7.9809000e+000  8.0000000e+000  2.8400000e+002  1.9700000e+001  3.9558000e+002  9.5000000e+000
  3.3000000e+001  1.9510000e-002  1.7500000e+001  1.3800000e+000  0.0000000e+000  4.1610000e-001  7.1040000e+000  5.9500000e+001  9.2229000e+000  3.0000000e+000  2.1600000e+002  1.8600000e+001  3.9324000e+002  8.0500000e+000
  2.3500000e+001  3.5840000e-002  8.0000000e+001  3.3700000e+000  0.0000000e+000  3.9800000e-001  6.2900000e+000  1.7800000e+001  6.6115000e+000  4.0000000e+000  3.3700000e+002  1.6100000e+001  3.9690000e+002  4.6700000e+000
  1.9400000e+001  4.3790000e-002  8.0000000e+001  3.3700000e+000  0.0000000e+000  3.9800000e-001  5.7870000e+000  3.1100000e+001  6.6115000e+000  4.0000000e+000  3.3700000e+002  1.6100000e+001  3.9690000e+002  1.0240000e+001
  2.2000000e+001  5.7890000e-002  1.2500000e+001  6.0700000e+000  0.0000000e+000  4.0900000e-001  5.8780000e+000  2.1400000e+001  6.4980000e+000  4.0000000e+000  3.4500000e+002  1.8900000e+001  3.9621000e+002  8.1000000e+000
  1.7400000e+001  1.3554000e-001  1.2500000e+001  6.0700000e+000  0.0000000e+000  4.0900000e-001  5.5940000e+000  3.6800000e+001  6.4980000e+000  4.0000000e+000  3.4500000e+002  1.8900000e+001  3.9690000e+002  1.3090000e+001
  2.0900000e+001  1.2816000e-001  1.2500000e+001  6.0700000e+000  0.0000000e+000  4.0900000e-001  5.8850000e+000  3.3000000e+001  6.4980000e+000  4.0000000e+000  3.4500000e+002  1.8900000e+001  3.9690000e+002  8.7900000e+000
  2.4200000e+001  8.8260000e-002  0.0000000e+000  1.0810000e+001  0.0000000e+000  4.1300000e-001  6.4170000e+000  6.6000000e+000  5.2873000e+000  4.0000000e+000  3.0500000e+002  1.9200000e+001  3.8373000e+002  6.7200000e+000
  2.1700000e+001  1.5876000e-001  0.0000000e+000  1.0810000e+001  0.0000000e+000  4.1300000e-001  5.9610000e+000  1.7500000e+001  5.2873000e+000  4.0000000e+000  3.0500000e+002  1.9200000e+001  3.7694000e+002  9.8800000e+000
  2.2800000e+001  9.1640000e-002  0.0000000e+000  1.0810000e+001  0.0000000e+000  4.1300000e-001  6.0650000e+000  7.8000000e+000  5.2873000e+000  4.0000000e+000  3.0500000e+002  1.9200000e+001  3.9091000e+002  5.5200000e+000
  2.3400000e+001  1.9539000e-001  0.0000000e+000  1.0810000e+001  0.0000000e+000  4.1300000e-001  6.2450000e+000  6.2000000e+000  5.2873000e+000  4.0000000e+000  3.0500000e+002  1.9200000e+001  3.7717000e+002  7.5400000e+000
  2.4100000e+001  7.8960000e-002  0.0000000e+000  1.2830000e+001  0.0000000e+000  4.3700000e-001  6.2730000e+000  6.0000000e+000  4.2515000e+000  5.0000000e+000  3.9800000e+002  1.8700000e+001  3.9492000e+002  6.7800000e+000
  2.1400000e+001  9.5120000e-002  0.0000000e+000  1.2830000e+001  0.0000000e+000  4.3700000e-001  6.2860000e+000  4.5000000e+001  4.5026000e+000  5.0000000e+000  3.9800000e+002  1.8700000e+001  3.8323000e+002  8.9400000e+000
  2.0000000e+001  1.0153000e-001  0.0000000e+000  1.2830000e+001  0.0000000e+000  4.3700000e-001  6.2790000e+000  7.4500000e+001  4.0522000e+000  5.0000000e+000  3.9800000e+002  1.8700000e+001  3.7366000e+002  1.1970000e+001
  2.0800000e+001  8.7070000e-002  0.0000000e+000  1.2830000e+001  0.0000000e+000  4.3700000e-001  6.1400000e+000  4.5800000e+001  4.0905000e+000  5.0000000e+000  3.9800000e+002  1.8700000e+001  3.8696000e+002  1.0270000e+001
  2.1200000e+001  5.6460000e-002  0.0000000e+000  1.2830000e+001  0.0000000e+000  4.3700000e-001  6.2320000e+000  5.3700000e+001  5.0141000e+000  5.0000000e+000  3.9800000e+002  1.8700000e+001  3.8640000e+002  1.2340000e+001
  2.0300000e+001  8.3870000e-002  0.0000000e+000  1.2830000e+001  0.0000000e+000  4.3700000e-001  5.8740000e+000  3.6600000e+001  4.5026000e+000  5.0000000e+000  3.9800000e+002  1.8700000e+001  3.9606000e+002  9.1000000e+000
  2.8000000e+001  4.1130000e-002  2.5000000e+001  4.8600000e+000  0.0000000e+000  4.2600000e-001  6.7270000e+000  3.3500000e+001  5.4007000e+000  4.0000000e+000  2.8100000e+002  1.9000000e+001  3.9690000e+002  5.2900000e+000
  2.3900000e+001  4.4620000e-002  2.5000000e+001  4.8600000e+000  0.0000000e+000  4.2600000e-001  6.6190000e+000  7.0400000e+001  5.4007000e+000  4.0000000e+000  2.8100000e+002  1.9000000e+001  3.9563000e+002  7.2200000e+000
  2.4800000e+001  3.6590000e-002  2.5000000e+001  4.8600000e+000  0.0000000e+000  4.2600000e-001  6.3020000e+000  3.2200000e+001  5.4007000e+000  4.0000000e+000  2.8100000e+002  1.9000000e+001  3.9690000e+002  6.7200000e+000
  2.2900000e+001  3.5510000e-002  2.5000000e+001  4.8600000e+000  0.0000000e+000  4.2600000e-001  6.1670000e+000  4.6700000e+001  5.4007000e+000  4.0000000e+000  2.8100000e+002  1.9000000e+001  3.9064000e+002  7.5100000e+000
  2.3900000e+001  5.0590000e-002  0.0000000e+000  4.4900000e+000  0.0000000e+000  4.4900000e-001  6.3890000e+000  4.8000000e+001  4.7794000e+000  3.0000000e+000  2.4700000e+002  1.8500000e+001  3.9690000e+002  9.6200000e+000
  2.6600000e+001  5.7350000e-002  0.0000000e+000  4.4900000e+000  0.0000000e+000  4.4900000e-001  6.6300000e+000  5.6100000e+001  4.4377000e+000  3.0000000e+000  2.4700000e+002  1.8500000e+001  3.9230000e+002  6.5300000e+000
  2.2500000e+001  5.1880000e-002  0.0000000e+000  4.4900000e+000  0.0000000e+000  4.4900000e-001  6.0150000e+000  4.5100000e+001  4.4272000e+000  3.0000000e+000  2.4700000e+002  1.8500000e+001  3.9599000e+002  1.2860000e+001
  2.2200000e+001  7.1510000e-002  0.0000000e+000  4.4900000e+000  0.0000000e+000  4.4900000e-001  6.1210000e+000  5.6800000e+001  3.7476000e+000  3.0000000e+000  2.4700000e+002  1.8500000e+001  3.9515000e+002  8.4400000e+000
  2.3600000e+001  5.6600000e-002  0.0000000e+000  3.4100000e+000  0.0000000e+000  4.8900000e-001  7.0070000e+000  8.6300000e+001  3.4217000e+000  2.0000000e+000  2.7000000e+002  1.7800000e+001  3.9690000e+002  5.5000000e+000
  2.8700000e+001  5.3020000e-002  0.0000000e+000  3.4100000e+000  0.0000000e+000  4.8900000e-001  7.0790000e+000  6.3100000e+001  3.4145000e+000  2.0000000e+000  2.7000000e+002  1.7800000e+001  3.9606000e+002  5.7000000e+000
  2.2600000e+001  4.6840000e-002  0.0000000e+000  3.4100000e+000  0.0000000e+000  4.8900000e-001  6.4170000e+000  6.6100000e+001  3.0923000e+000  2.0000000e+000  2.7000000e+002  1.7800000e+001  3.9218000e+002  8.8100000e+000
  2.2000000e+001  3.9320000e-002  0.0000000e+000  3.4100000e+000  0.0000000e+000  4.8900000e-001  6.4050000e+000  7.3900000e+001  3.0921000e+000  2.0000000e+000  2.7000000e+002  1.7800000e+001  3.9355000e+002  8.2000000e+000
  2.2900000e+001  4.2030000e-002  2.8000000e+001  1.5040000e+001  0.0000000e+000  4.6400000e-001  6.4420000e+000  5.3600000e+001  3.6659000e+000  4.0000000e+000  2.7000000e+002  1.8200000e+001  3.9501000e+002  8.1600000e+000
  2.5000000e+001  2.8750000e-002  2.8000000e+001  1.5040000e+001  0.0000000e+000  4.6400000e-001  6.2110000e+000  2.8900000e+001  3.6659000e+000  4.0000000e+000  2.7000000e+002  1.8200000e+001  3.9633000e+002  6.2100000e+000
  2.0600000e+001  4.2940000e-002  2.8000000e+001  1.5040000e+001  0.0000000e+000  4.6400000e-001  6.2490000e+000  7.7300000e+001  3.6150000e+000  4.0000000e+000  2.7000000e+002  1.8200000e+001  3.9690000e+002  1.0590000e+001
  2.8400000e+001  1.2204000e-001  0.0000000e+000  2.8900000e+000  0.0000000e+000  4.4500000e-001  6.6250000e+000  5.7800000e+001  3.4952000e+000  2.0000000e+000  2.7600000e+002  1.8000000e+001  3.5798000e+002  6.6500000e+000
  2.1400000e+001  1.1504000e-001  0.0000000e+000  2.8900000e+000  0.0000000e+000  4.4500000e-001  6.1630000e+000  6.9600000e+001  3.4952000e+000  2.0000000e+000  2.7600000e+002  1.8000000e+001  3.9183000e+002  1.1340000e+001
  3.8700000e+001  1.2083000e-001  0.0000000e+000  2.8900000e+000  0.0000000e+000  4.4500000e-001  8.0690000e+000  7.6000000e+001  3.4952000e+000  2.0000000e+000  2.7600000e+002  1.8000000e+001  3.9690000e+002  4.2100000e+000
  4.3800000e+001  8.1870000e-002  0.0000000e+000  2.8900000e+000  0.0000000e+000  4.4500000e-001  7.8200000e+000  3.6900000e+001  3.4952000e+000  2.0000000e+000  2.7600000e+002  1.8000000e+001  3.9353000e+002  3.5700000e+000
  3.3200000e+001  6.8600000e-002  0.0000000e+000  2.8900000e+000  0.0000000e+000  4.4500000e-001  7.4160000e+000  6.2500000e+001  3.4952000e+000  2.0000000e+000  2.7600000e+002  1.8000000e+001  3.9690000e+002  6.1900000e+000
  2.7500000e+001  1.4866000e-001  0.0000000e+000  8.5600000e+000  0.0000000e+000  5.2000000e-001  6.7270000e+000  7.9900000e+001  2.7778000e+000  5.0000000e+000  3.8400000e+002  2.0900000e+001  3.9476000e+002  9.4200000e+000
  2.6500000e+001  1.1432000e-001  0.0000000e+000  8.5600000e+000  0.0000000e+000  5.2000000e-001  6.7810000e+000  7.1300000e+001  2.8561000e+000  5.0000000e+000  3.8400000e+002  2.0900000e+001  3.9558000e+002  7.6700000e+000
  1.8600000e+001  2.2876000e-001  0.0000000e+000  8.5600000e+000  0.0000000e+000  5.2000000e-001  6.4050000e+000  8.5400000e+001  2.7147000e+000  5.0000000e+000  3.8400000e+002  2.0900000e+001  7.0800000e+001  1.0630000e+001
  1.9300000e+001  2.1161000e-001  0.0000000e+000  8.5600000e+000  0.0000000e+000  5.2000000e-001  6.1370000e+000  8.7400000e+001  2.7147000e+000  5.0000000e+000  3.8400000e+002  2.0900000e+001  3.9447000e+002  1.3440000e+001
  2.0100000e+001  1.3960000e-001  0.0000000e+000  8.5600000e+000  0.0000000e+000  5.2000000e-001  6.1670000e+000  9.0000000e+001  2.4210000e+000  5.0000000e+000  3.8400000e+002  2.0900000e+001  3.9269000e+002  1.2330000e+001
  1.9500000e+001  1.3262000e-001  0.0000000e+000  8.5600000e+000  0.0000000e+000  5.2000000e-001  5.8510000e+000  9.6700000e+001  2.1069000e+000  5.0000000e+000  3.8400000e+002  2.0900000e+001  3.9405000e+002  1.6470000e+001
  1.9500000e+001  1.7120000e-001  0.0000000e+000  8.5600000e+000  0.0000000e+000  5.2000000e-001  5.8360000e+000  9.1900000e+001  2.2110000e+000  5.0000000e+000  3.8400000e+002  2.0900000e+001  3.9567000e+002  1.8660000e+001
  2.0400000e+001  1.3117000e-001  0.0000000e+000  8.5600000e+000  0.0000000e+000  5.2000000e-001  6.1270000e+000  8.5200000e+001  2.1224000e+000  5.0000000e+000  3.8400000e+002  2.0900000e+001  3.8769000e+002  1.4090000e+001
  1.9800000e+001  1.2802000e-001  0.0000000e+000  8.5600000e+000  0.0000000e+000  5.2000000e-001  6.4740000e+000  9.7100000e+001  2.4329000e+000  5.0000000e+000  3.8400000e+002  2.0900000e+001  3.9524000e+002  1.2270000e+001
  1.9400000e+001  2.6363000e-001  0.0000000e+000  8.5600000e+000  0.0000000e+000  5.2000000e-001  6.2290000e+000  9.1200000e+001  2.5451000e+000  5.0000000e+000  3.8400000e+002  2.0900000e+001  3.9123000e+002  1.5550000e+001
  2.1700000e+001  1.0793000e-001  0.0000000e+000  8.5600000e+000  0.0000000e+000  5.2000000e-001  6.1950000e+000  5.4400000e+001  2.7778000e+000  5.0000000e+000  3.8400000e+002  2.0900000e+001  3.9349000e+002  1.3000000e+001
  2.2800000e+001  1.0084000e-001  0.0000000e+000  1.0010000e+001  0.0000000e+000  5.4700000e-001  6.7150000e+000  8.1600000e+001  2.6775000e+000  6.0000000e+000  4.3200000e+002  1.7800000e+001  3.9559000e+002  1.0160000e+001
  1.8800000e+001  1.2329000e-001  0.0000000e+000  1.0010000e+001  0.0000000e+000  5.4700000e-001  5.9130000e+000  9.2900000e+001  2.3534000e+000  6.0000000e+000  4.3200000e+002  1.7800000e+001  3.9495000e+002  1.6210000e+001
  1.8700000e+001  2.2212000e-001  0.0000000e+000  1.0010000e+001  0.0000000e+000  5.4700000e-001  6.0920000e+000  9.5400000e+001  2.5480000e+000  6.0000000e+000  4.3200000e+002  1.7800000e+001  3.9690000e+002  1.7090000e+001
  1.8500000e+001  1.4231000e-001  0.0000000e+000  1.0010000e+001  0.0000000e+000  5.4700000e-001  6.2540000e+000  8.4200000e+001  2.2565000e+000  6.0000000e+000  4.3200000e+002  1.7800000e+001  3.8874000e+002  1.0450000e+001
  1.8300000e+001  1.7134000e-001  0.0000000e+000  1.0010000e+001  0.0000000e+000  5.4700000e-001  5.9280000e+000  8.8200000e+001  2.4631000e+000  6.0000000e+000  4.3200000e+002  1.7800000e+001  3.4491000e+002  1.5760000e+001
  2.1200000e+001  1.3158000e-001  0.0000000e+000  1.0010000e+001  0.0000000e+000  5.4700000e-001  6.1760000e+000  7.2500000e+001  2.7301000e+000  6.0000000e+000  4.3200000e+002  1.7800000e+001  3.9330000e+002  1.2040000e+001
  1.9200000e+001  1.5098000e-001  0.0000000e+000  1.0010000e+001  0.0000000e+000  5.4700000e-001  6.0210000e+000  8.2600000e+001  2.7474000e+000  6.0000000e+000  4.3200000e+002  1.7800000e+001  3.9451000e+002  1.0300000e+001
  2.0400000e+001  1.3058000e-001  0.0000000e+000  1.0010000e+001  0.0000000e+000  5.4700000e-001  5.8720000e+000  7.3100000e+001  2.4775000e+000  6.0000000e+000  4.3200000e+002  1.7800000e+001  3.3863000e+002  1.5370000e+001
  1.9300000e+001  1.4476000e-001  0.0000000e+000  1.0010000e+001  0.0000000e+000  5.4700000e-001  5.7310000e+000  6.5200000e+001  2.7592000e+000  6.0000000e+000  4.3200000e+002  1.7800000e+001  3.9150000e+002  1.3610000e+001
  2.2000000e+001  6.8990000e-002  0.0000000e+000  2.5650000e+001  0.0000000e+000  5.8100000e-001  5.8700000e+000  6.9700000e+001  2.2577000e+000  2.0000000e+000  1.8800000e+002  1.9100000e+001  3.8915000e+002  1.4370000e+001
  2.0300000e+001  7.1650000e-002  0.0000000e+000  2.5650000e+001  0.0000000e+000  5.8100000e-001  6.0040000e+000  8.4100000e+001  2.1974000e+000  2.0000000e+000  1.8800000e+002  1.9100000e+001  3.7767000e+002  1.4270000e+001
  2.0500000e+001  9.2990000e-002  0.0000000e+000  2.5650000e+001  0.0000000e+000  5.8100000e-001  5.9610000e+000  9.2900000e+001  2.0869000e+000  2.0000000e+000  1.8800000e+002  1.9100000e+001  3.7809000e+002  1.7930000e+001
  1.7300000e+001  1.5038000e-001  0.0000000e+000  2.5650000e+001  0.0000000e+000  5.8100000e-001  5.8560000e+000  9.7000000e+001  1.9444000e+000  2.0000000e+000  1.8800000e+002  1.9100000e+001  3.7031000e+002  2.5410000e+001
  1.8800000e+001  9.8490000e-002  0.0000000e+000  2.5650000e+001  0.0000000e+000  5.8100000e-001  5.8790000e+000  9.5800000e+001  2.0063000e+000  2.0000000e+000  1.8800000e+002  1.9100000e+001  3.7938000e+002  1.7580000e+001
  2.1400000e+001  1.6902000e-001  0.0000000e+000  2.5650000e+001  0.0000000e+000  5.8100000e-001  5.9860000e+000  8.8400000e+001  1.9929000e+000  2.0000000e+000  1.8800000e+002  1.9100000e+001  3.8502000e+002  1.4810000e+001
  1.5700000e+001  3.8735000e-001  0.0000000e+000  2.5650000e+001  0.0000000e+000  5.8100000e-001  5.6130000e+000  9.5600000e+001  1.7572000e+000  2.0000000e+000  1.8800000e+002  1.9100000e+001  3.5929000e+002  2.7260000e+001
  1.6200000e+001  2.5915000e-001  0.0000000e+000  2.1890000e+001  0.0000000e+000  6.2400000e-001  5.6930000e+000  9.6000000e+001  1.7883000e+000  4.0000000e+000  4.3700000e+002  2.1200000e+001  3.9211000e+002  1.7190000e+001
  1.8000000e+001  3.2543000e-001  0.0000000e+000  2.1890000e+001  0.0000000e+000  6.2400000e-001  6.4310000e+000  9.8800000e+001  1.8125000e+000  4.0000000e+000  4.3700000e+002  2.1200000e+001  3.9690000e+002  1.5390000e+001
  1.4300000e+001  8.8125000e-001  0.0000000e+000  2.1890000e+001  0.0000000e+000  6.2400000e-001  5.6370000e+000  9.4700000e+001  1.9799000e+000  4.0000000e+000  4.3700000e+002  2.1200000e+001  3.9690000e+002  1.8340000e+001
  1.9200000e+001  3.4006000e-001  0.0000000e+000  2.1890000e+001  0.0000000e+000  6.2400000e-001  6.4580000e+000  9.8900000e+001  2.1185000e+000  4.0000000e+000  4.3700000e+002  2.1200000e+001  3.9504000e+002  1.2600000e+001
  1.9600000e+001  1.1929400e+000  0.0000000e+000  2.1890000e+001  0.0000000e+000  6.2400000e-001  6.3260000e+000  9.7700000e+001  2.2710000e+000  4.0000000e+000  4.3700000e+002  2.1200000e+001  3.9690000e+002  1.2260000e+001
  2.3000000e+001  5.9005000e-001  0.0000000e+000  2.1890000e+001  0.0000000e+000  6.2400000e-001  6.3720000e+000  9.7900000e+001  2.3274000e+000  4.0000000e+000  4.3700000e+002  2.1200000e+001  3.8576000e+002  1.1120000e+001
  1.8400000e+001  3.2982000e-001  0.0000000e+000  2.1890000e+001  0.0000000e+000  6.2400000e-001  5.8220000e+000  9.5400000e+001  2.4699000e+000  4.0000000e+000  4.3700000e+002  2.1200000e+001  3.8869000e+002  1.5030000e+001
  1.5600000e+001  9.7617000e-001  0.0000000e+000  2.1890000e+001  0.0000000e+000  6.2400000e-001  5.7570000e+000  9.8400000e+001  2.3460000e+000  4.0000000e+000  4.3700000e+002  2.1200000e+001  2.6276000e+002  1.7310000e+001
  1.8100000e+001  5.5778000e-001  0.0000000e+000  2.1890000e+001  0.0000000e+000  6.2400000e-001  6.3350000e+000  9.8200000e+001  2.1107000e+000  4.0000000e+000  4.3700000e+002  2.1200000e+001  3.9467000e+002  1.6960000e+001
  1.7400000e+001  3.2264000e-001  0.0000000e+000  2.1890000e+001  0.0000000e+000  6.2400000e-001  5.9420000e+000  9.3500000e+001  1.9669000e+000  4.0000000e+000  4.3700000e+002  2.1200000e+001  3.7825000e+002  1.6900000e+001
  1.7100000e+001  3.5233000e-001  0.0000000e+000  2.1890000e+001  0.0000000e+000  6.2400000e-001  6.4540000e+000  9.8400000e+001  1.8498000e+000  4.0000000e+000  4.3700000e+002  2.1200000e+001  3.9408000e+002  1.4590000e+001
  1.3300000e+001  2.4980000e-001  0.0000000e+000  2.1890000e+001  0.0000000e+000  6.2400000e-001  5.8570000e+000  9.8200000e+001  1.6686000e+000  4.0000000e+000  4.3700000e+002  2.1200000e+001  3.9204000e+002  2.1320000e+001
  1.7800000e+001  5.4452000e-001  0.0000000e+000  2.1890000e+001  0.0000000e+000  6.2400000e-001  6.1510000e+000  9.7900000e+001  1.6687000e+000  4.0000000e+000  4.3700000e+002  2.1200000e+001  3.9690000e+002  1.8460000e+001
  1.4000000e+001  2.9090000e-001  0.0000000e+000  2.1890000e+001  0.0000000e+000  6.2400000e-001  6.1740000e+000  9.3600000e+001  1.6119000e+000  4.0000000e+000  4.3700000e+002  2.1200000e+001  3.8808000e+002  2.4160000e+001
  1.4400000e+001  1.6286400e+000  0.0000000e+000  2.1890000e+001  0.0000000e+000  6.2400000e-001  5.0190000e+000  1.0000000e+002  1.4394000e+000  4.0000000e+000  4.3700000e+002  2.1200000e+001  3.9690000e+002  3.4410000e+001
  1.1800000e+001  2.7797400e+000  0.0000000e+000  1.9580000e+001  0.0000000e+000  8.7100000e-001  4.9030000e+000  9.7800000e+001  1.3459000e+000  5.0000000e+000  4.0300000e+002  1.4700000e+001  3.9690000e+002  2.9290000e+001
  1.3800000e+001  2.3793400e+000  0.0000000e+000  1.9580000e+001  0.0000000e+000  8.7100000e-001  6.1300000e+000  1.0000000e+002  1.4191000e+000  5.0000000e+000  4.0300000e+002  1.4700000e+001  1.7291000e+002  2.7800000e+001
  1.5600000e+001  2.1550500e+000  0.0000000e+000  1.9580000e+001  0.0000000e+000  8.7100000e-001  5.6280000e+000  1.0000000e+002  1.5166000e+000  5.0000000e+000  4.0300000e+002  1.4700000e+001  1.6927000e+002  1.6650000e+001
  1.4600000e+001  2.3686200e+000  0.0000000e+000  1.9580000e+001  0.0000000e+000  8.7100000e-001  4.9260000e+000  9.5700000e+001  1.4608000e+000  5.0000000e+000  4.0300000e+002  1.4700000e+001  3.9171000e+002  2.9530000e+001
  1.7800000e+001  2.3309900e+000  0.0000000e+000  1.9580000e+001  0.0000000e+000  8.7100000e-001  5.1860000e+000  9.3800000e+001  1.5296000e+000  5.0000000e+000  4.0300000e+002  1.4700000e+001  3.5699000e+002  2.8320000e+001
  1.5400000e+001  2.7339700e+000  0.0000000e+000  1.9580000e+001  0.0000000e+000  8.7100000e-001  5.5970000e+000  9.4900000e+001  1.5257000e+000  5.0000000e+000  4.0300000e+002  1.4700000e+001  3.5185000e+002  2.1450000e+001
  2.1500000e+001  1.6566000e+000  0.0000000e+000  1.9580000e+001  0.0000000e+000  8.7100000e-001  6.1220000e+000  9.7300000e+001  1.6180000e+000  5.0000000e+000  4.0300000e+002  1.4700000e+001  3.7280000e+002  1.4100000e+001
  1.9600000e+001  1.4963200e+000  0.0000000e+000  1.9580000e+001  0.0000000e+000  8.7100000e-001  5.4040000e+000  1.0000000e+002  1.5916000e+000  5.0000000e+000  4.0300000e+002  1.4700000e+001  3.4160000e+002  1.3280000e+001
  1.5300000e+001  1.1265800e+000  0.0000000e+000  1.9580000e+001  1.0000000e+000  8.7100000e-001  5.0120000e+000  8.8000000e+001  1.6102000e+000  5.0000000e+000  4.0300000e+002  1.4700000e+001  3.4328000e+002  1.2120000e+001
  1.9400000e+001  2.1491800e+000  0.0000000e+000  1.9580000e+001  0.0000000e+000  8.7100000e-001  5.7090000e+000  9.8500000e+001  1.6232000e+000  5.0000000e+000  4.0300000e+002  1.4700000e+001  2.6195000e+002  1.5790000e+001
  1.7000000e+001  1.4138500e+000  0.0000000e+000  1.9580000e+001  1.0000000e+000  8.7100000e-001  6.1290000e+000  9.6000000e+001  1.7494000e+000  5.0000000e+000  4.0300000e+002  1.4700000e+001  3.2102000e+002  1.5120000e+001
  1.3100000e+001  2.4466800e+000  0.0000000e+000  1.9580000e+001  0.0000000e+000  8.7100000e-001  5.2720000e+000  9.4000000e+001  1.7364000e+000  5.0000000e+000  4.0300000e+002  1.4700000e+001  8.8630000e+001  1.6140000e+001
  4.1300000e+001  1.2235800e+000  0.0000000e+000  1.9580000e+001  0.0000000e+000  6.0500000e-001  6.9430000e+000  9.7400000e+001  1.8773000e+000  5.0000000e+000  4.0300000e+002  1.4700000e+001  3.6343000e+002  4.5900000e+000
  2.4300000e+001  1.3428400e+000  0.0000000e+000  1.9580000e+001  0.0000000e+000  6.0500000e-001  6.0660000e+000  1.0000000e+002  1.7573000e+000  5.0000000e+000  4.0300000e+002  1.4700000e+001  3.5389000e+002  6.4300000e+000
  2.3300000e+001  1.4250200e+000  0.0000000e+000  1.9580000e+001  0.0000000e+000  8.7100000e-001  6.5100000e+000  1.0000000e+002  1.7659000e+000  5.0000000e+000  4.0300000e+002  1.4700000e+001  3.6431000e+002  7.3900000e+000
  2.7000000e+001  1.2734600e+000  0.0000000e+000  1.9580000e+001  1.0000000e+000  6.0500000e-001  6.2500000e+000  9.2600000e+001  1.7984000e+000  5.0000000e+000  4.0300000e+002  1.4700000e+001  3.3892000e+002  5.5000000e+000
  5.0000000e+001  1.4633600e+000  0.0000000e+000  1.9580000e+001  0.0000000e+000  6.0500000e-001  7.4890000e+000  9.0800000e+001  1.9709000e+000  5.0000000e+000  4.0300000e+002  1.4700000e+001  3.7443000e+002  1.7300000e+000
  5.0000000e+001  1.8337700e+000  0.0000000e+000  1.9580000e+001  1.0000000e+000  6.0500000e-001  7.8020000e+000  9.8200000e+001  2.0407000e+000  5.0000000e+000  4.0300000e+002  1.4700000e+001  3.8961000e+002  1.9200000e+000
  5.0000000e+001  1.5190200e+000  0.0000000e+000  1.9580000e+001  1.0000000e+000  6.0500000e-001  8.3750000e+000  9.3900000e+001  2.1620000e+000  5.0000000e+000  4.0300000e+002  1.4700000e+001  3.8845000e+002  3.3200000e+000
  2.2700000e+001  2.2423600e+000  0.0000000e+000  1.9580000e+001  0.0000000e+000  6.0500000e-001  5.8540000e+000  9.1800000e+001  2.4220000e+000  5.0000000e+000  4.0300000e+002  1.4700000e+001  3.9511000e+002  1.1640000e+001
  2.5000000e+001  2.9240000e+000  0.0000000e+000  1.9580000e+001  0.0000000e+000  6.0500000e-001  6.1010000e+000  9.3000000e+001  2.2834000e+000  5.0000000e+000  4.0300000e+002  1.4700000e+001  2.4016000e+002  9.8100000e+000
  5.0000000e+001  2.0101900e+000  0.0000000e+000  1.9580000e+001  0.0000000e+000  6.0500000e-001  7.9290000e+000  9.6200000e+001  2.0459000e+000  5.0000000e+000  4.0300000e+002  1.4700000e+001  3.6930000e+002  3.7000000e+000
  2.3800000e+001  1.8002800e+000  0.0000000e+000  1.9580000e+001  0.0000000e+000  6.0500000e-001  5.8770000e+000  7.9200000e+001  2.4259000e+000  5.0000000e+000  4.0300000e+002  1.4700000e+001  2.2761000e+002  1.2140000e+001
  2.3800000e+001  2.3004000e+000  0.0000000e+000  1.9580000e+001  0.0000000e+000  6.0500000e-001  6.3190000e+000  9.6100000e+001  2.1000000e+000  5.0000000e+000  4.0300000e+002  1.4700000e+001  2.9709000e+002  1.1100000e+001
  2.2300000e+001  2.4495300e+000  0.0000000e+000  1.9580000e+001  0.0000000e+000  6.0500000e-001  6.4020000e+000  9.5200000e+001  2.2625000e+000  5.0000000e+000  4.0300000e+002  1.4700000e+001  3.3004000e+002  1.1320000e+001
  1.7400000e+001  1.2074200e+000  0.0000000e+000  1.9580000e+001  0.0000000e+000  6.0500000e-001  5.8750000e+000  9.4600000e+001  2.4259000e+000  5.0000000e+000  4.0300000e+002  1.4700000e+001  2.9229000e+002  1.4430000e+001
  1.9100000e+001  2.3139000e+000  0.0000000e+000  1.9580000e+001  0.0000000e+000  6.0500000e-001  5.8800000e+000  9.7300000e+001  2.3887000e+000  5.0000000e+000  4.0300000e+002  1.4700000e+001  3.4813000e+002  1.2030000e+001
  2.3100000e+001  1.3914000e-001  0.0000000e+000  4.0500000e+000  0.0000000e+000  5.1000000e-001  5.5720000e+000  8.8500000e+001  2.5961000e+000  5.0000000e+000  2.9600000e+002  1.6600000e+001  3.9690000e+002  1.4690000e+001
  2.3600000e+001  9.1780000e-002  0.0000000e+000  4.0500000e+000  0.0000000e+000  5.1000000e-001  6.4160000e+000  8.4100000e+001  2.6463000e+000  5.0000000e+000  2.9600000e+002  1.6600000e+001  3.9550000e+002  9.0400000e+000
  2.2600000e+001  8.4470000e-002  0.0000000e+000  4.0500000e+000  0.0000000e+000  5.1000000e-001  5.8590000e+000  6.8700000e+001  2.7019000e+000  5.0000000e+000  2.9600000e+002  1.6600000e+001  3.9323000e+002  9.6400000e+000
  2.9400000e+001  6.6640000e-002  0.0000000e+000  4.0500000e+000  0.0000000e+000  5.1000000e-001  6.5460000e+000  3.3100000e+001  3.1323000e+000  5.0000000e+000  2.9600000e+002  1.6600000e+001  3.9096000e+002  5.3300000e+000
  2.3200000e+001  7.0220000e-002  0.0000000e+000  4.0500000e+000  0.0000000e+000  5.1000000e-001  6.0200000e+000  4.7200000e+001  3.5549000e+000  5.0000000e+000  2.9600000e+002  1.6600000e+001  3.9323000e+002  1.0110000e+001
  2.4600000e+001  5.4250000e-002  0.0000000e+000  4.0500000e+000  0.0000000e+000  5.1000000e-001  6.3150000e+000  7.3400000e+001  3.3175000e+000  5.0000000e+000  2.9600000e+002  1.6600000e+001  3.9560000e+002  6.2900000e+000
  2.9900000e+001  6.6420000e-002  0.0000000e+000  4.0500000e+000  0.0000000e+000  5.1000000e-001  6.8600000e+000  7.4400000e+001  2.9153000e+000  5.0000000e+000  2.9600000e+002  1.6600000e+001  3.9127000e+002  6.9200000e+000
  3.7200000e+001  5.7800000e-002  0.0000000e+000  2.4600000e+000  0.0000000e+000  4.8800000e-001  6.9800000e+000  5.8400000e+001  2.8290000e+000  3.0000000e+000  1.9300000e+002  1.7800000e+001  3.9690000e+002  5.0400000e+000
  3.9800000e+001  6.5880000e-002  0.0000000e+000  2.4600000e+000  0.0000000e+000  4.8800000e-001  7.7650000e+000  8.3300000e+001  2.7410000e+000  3.0000000e+000  1.9300000e+002  1.7800000e+001  3.9556000e+002  7.5600000e+000
  3.6200000e+001  6.8880000e-002  0.0000000e+000  2.4600000e+000  0.0000000e+000  4.8800000e-001  6.1440000e+000  6.2200000e+001  2.5979000e+000  3.0000000e+000  1.9300000e+002  1.7800000e+001  3.9690000e+002  9.4500000e+000
  3.7900000e+001  9.1030000e-002  0.0000000e+000  2.4600000e+000  0.0000000e+000  4.8800000e-001  7.1550000e+000  9.2200000e+001  2.7006000e+000  3.0000000e+000  1.9300000e+002  1.7800000e+001  3.9412000e+002  4.8200000e+000
  3.2500000e+001  1.0008000e-001  0.0000000e+000  2.4600000e+000  0.0000000e+000  4.8800000e-001  6.5630000e+000  9.5600000e+001  2.8470000e+000  3.0000000e+000  1.9300000e+002  1.7800000e+001  3.9690000e+002  5.6800000e+000
  2.6400000e+001  8.3080000e-002  0.0000000e+000  2.4600000e+000  0.0000000e+000  4.8800000e-001  5.6040000e+000  8.9800000e+001  2.9879000e+000  3.0000000e+000  1.9300000e+002  1.7800000e+001  3.9100000e+002  1.3980000e+001
  2.9600000e+001  6.0470000e-002  0.0000000e+000  2.4600000e+000  0.0000000e+000  4.8800000e-001  6.1530000e+000  6.8800000e+001  3.2797000e+000  3.0000000e+000  1.9300000e+002  1.7800000e+001  3.8711000e+002  1.3150000e+001
  5.0000000e+001  5.6020000e-002  0.0000000e+000  2.4600000e+000  0.0000000e+000  4.8800000e-001  7.8310000e+000  5.3600000e+001  3.1992000e+000  3.0000000e+000  1.9300000e+002  1.7800000e+001  3.9263000e+002  4.4500000e+000
  3.2000000e+001  7.8750000e-002  4.5000000e+001  3.4400000e+000  0.0000000e+000  4.3700000e-001  6.7820000e+000  4.1100000e+001  3.7886000e+000  5.0000000e+000  3.9800000e+002  1.5200000e+001  3.9387000e+002  6.6800000e+000
  2.9800000e+001  1.2579000e-001  4.5000000e+001  3.4400000e+000  0.0000000e+000  4.3700000e-001  6.5560000e+000  2.9100000e+001  4.5667000e+000  5.0000000e+000  3.9800000e+002  1.5200000e+001  3.8284000e+002  4.5600000e+000
  3.4900000e+001  8.3700000e-002  4.5000000e+001  3.4400000e+000  0.0000000e+000  4.3700000e-001  7.1850000e+000  3.8900000e+001  4.5667000e+000  5.0000000e+000  3.9800000e+002  1.5200000e+001  3.9690000e+002  5.3900000e+000
  3.7000000e+001  9.0680000e-002  4.5000000e+001  3.4400000e+000  0.0000000e+000  4.3700000e-001  6.9510000e+000  2.1500000e+001  6.4798000e+000  5.0000000e+000  3.9800000e+002  1.5200000e+001  3.7768000e+002  5.1000000e+000
  3.0500000e+001  6.9110000e-002  4.5000000e+001  3.4400000e+000  0.0000000e+000  4.3700000e-001  6.7390000e+000  3.0800000e+001  6.4798000e+000  5.0000000e+000  3.9800000e+002  1.5200000e+001  3.8971000e+002  4.6900000e+000
  3.6400000e+001  8.6640000e-002  4.5000000e+001  3.4400000e+000  0.0000000e+000  4.3700000e-001  7.1780000e+000  2.6300000e+001  6.4798000e+000  5.0000000e+000  3.9800000e+002  1.5200000e+001  3.9049000e+002  2.8700000e+000
  3.1100000e+001  2.1870000e-002  6.0000000e+001  2.9300000e+000  0.0000000e+000  4.0100000e-001  6.8000000e+000  9.9000000e+000  6.2196000e+000  1.0000000e+000  2.6500000e+002  1.5600000e+001  3.9337000e+002  5.0300000e+000
  2.9100000e+001  1.4390000e-002  6.0000000e+001  2.9300000e+000  0.0000000e+000  4.0100000e-001  6.6040000e+000  1.8800000e+001  6.2196000e+000  1.0000000e+000  2.6500000e+002  1.5600000e+001  3.7670000e+002  4.3800000e+000
  5.0000000e+001  1.3810000e-002  8.0000000e+001  4.6000000e-001  0.0000000e+000  4.2200000e-001  7.8750000e+000  3.2000000e+001  5.6484000e+000  4.0000000e+000  2.5500000e+002  1.4400000e+001  3.9423000e+002  2.9700000e+000
  3.3300000e+001  4.0110000e-002  8.0000000e+001  1.5200000e+000  0.0000000e+000  4.0400000e-001  7.2870000e+000  3.4100000e+001  7.3090000e+000  2.0000000e+000  3.2900000e+002  1.2600000e+001  3.9690000e+002  4.0800000e+000
  3.0300000e+001  4.6660000e-002  8.0000000e+001  1.5200000e+000  0.0000000e+000  4.0400000e-001  7.1070000e+000  3.6600000e+001  7.3090000e+000  2.0000000e+000  3.2900000e+002  1.2600000e+001  3.5431000e+002  8.6100000e+000
  3.4600000e+001  3.7680000e-002  8.0000000e+001  1.5200000e+000  0.0000000e+000  4.0400000e-001  7.2740000e+000  3.8300000e+001  7.3090000e+000  2.0000000e+000  3.2900000e+002  1.2600000e+001  3.9220000e+002  6.6200000e+000
  3.4900000e+001  3.1500000e-002  9.5000000e+001  1.4700000e+000  0.0000000e+000  4.0300000e-001  6.9750000e+000  1.5300000e+001  7.6534000e+000  3.0000000e+000  4.0200000e+002  1.7000000e+001  3.9690000e+002  4.5600000e+000
  3.2900000e+001  1.7780000e-002  9.5000000e+001  1.4700000e+000  0.0000000e+000  4.0300000e-001  7.1350000e+000  1.3900000e+001  7.6534000e+000  3.0000000e+000  4.0200000e+002  1.7000000e+001  3.8430000e+002  4.4500000e+000
  2.4100000e+001  3.4450000e-002  8.2500000e+001  2.0300000e+000  0.0000000e+000  4.1500000e-001  6.1620000e+000  3.8400000e+001  6.2700000e+000  2.0000000e+000  3.4800000e+002  1.4700000e+001  3.9377000e+002  7.4300000e+000
  4.2300000e+001  2.1770000e-002  8.2500000e+001  2.0300000e+000  0.0000000e+000  4.1500000e-001  7.6100000e+000  1.5700000e+001  6.2700000e+000  2.0000000e+000  3.4800000e+002  1.4700000e+001  3.9538000e+002  3.1100000e+000
  4.8500000e+001  3.5100000e-002  9.5000000e+001  2.6800000e+000  0.0000000e+000  4.1610000e-001  7.8530000e+000  3.3200000e+001  5.1180000e+000  4.0000000e+000  2.2400000e+002  1.4700000e+001  3.9278000e+002  3.8100000e+000
  5.0000000e+001  2.0090000e-002  9.5000000e+001  2.6800000e+000  0.0000000e+000  4.1610000e-001  8.0340000e+000  3.1900000e+001  5.1180000e+000  4.0000000e+000  2.2400000e+002  1.4700000e+001  3.9055000e+002  2.8800000e+000
  2.2600000e+001  1.3642000e-001  0.0000000e+000  1.0590000e+001  0.0000000e+000  4.8900000e-001  5.8910000e+000  2.2300000e+001  3.9454000e+000  4.0000000e+000  2.7700000e+002  1.8600000e+001  3.9690000e+002  1.0870000e+001
  2.4400000e+001  2.2969000e-001  0.0000000e+000  1.0590000e+001  0.0000000e+000  4.8900000e-001  6.3260000e+000  5.2500000e+001  4.3549000e+000  4.0000000e+000  2.7700000e+002  1.8600000e+001  3.9487000e+002  1.0970000e+001
  2.2500000e+001  2.5199000e-001  0.0000000e+000  1.0590000e+001  0.0000000e+000  4.8900000e-001  5.7830000e+000  7.2700000e+001  4.3549000e+000  4.0000000e+000  2.7700000e+002  1.8600000e+001  3.8943000e+002  1.8060000e+001
  2.4400000e+001  1.3587000e-001  0.0000000e+000  1.0590000e+001  1.0000000e+000  4.8900000e-001  6.0640000e+000  5.9100000e+001  4.2392000e+000  4.0000000e+000  2.7700000e+002  1.8600000e+001  3.8132000e+002  1.4660000e+001
  2.0000000e+001  4.3571000e-001  0.0000000e+000  1.0590000e+001  1.0000000e+000  4.8900000e-001  5.3440000e+000  1.0000000e+002  3.8750000e+000  4.0000000e+000  2.7700000e+002  1.8600000e+001  3.9690000e+002  2.3090000e+001
  2.1700000e+001  1.7446000e-001  0.0000000e+000  1.0590000e+001  1.0000000e+000  4.8900000e-001  5.9600000e+000  9.2100000e+001  3.8771000e+000  4.0000000e+000  2.7700000e+002  1.8600000e+001  3.9325000e+002  1.7270000e+001
  1.9300000e+001  3.7578000e-001  0.0000000e+000  1.0590000e+001  1.0000000e+000  4.8900000e-001  5.4040000e+000  8.8600000e+001  3.6650000e+000  4.0000000e+000  2.7700000e+002  1.8600000e+001  3.9524000e+002  2.3980000e+001
  2.2400000e+001  2.1719000e-001  0.0000000e+000  1.0590000e+001  1.0000000e+000  4.8900000e-001  5.8070000e+000  5.3800000e+001  3.6526000e+000  4.0000000e+000  2.7700000e+002  1.8600000e+001  3.9094000e+002  1.6030000e+001
  2.8100000e+001  1.4052000e-001  0.0000000e+000  1.0590000e+001  0.0000000e+000  4.8900000e-001  6.3750000e+000  3.2300000e+001  3.9454000e+000  4.0000000e+000  2.7700000e+002  1.8600000e+001  3.8581000e+002  9.3800000e+000
  2.3700000e+001  2.8955000e-001  0.0000000e+000  1.0590000e+001  0.0000000e+000  4.8900000e-001  5.4120000e+000  9.8000000e+000  3.5875000e+000  4.0000000e+000  2.7700000e+002  1.8600000e+001  3.4893000e+002  2.9550000e+001
  2.5000000e+001  1.9802000e-001  0.0000000e+000  1.0590000e+001  0.0000000e+000  4.8900000e-001  6.1820000e+000  4.2400000e+001  3.9454000e+000  4.0000000e+000  2.7700000e+002  1.8600000e+001  3.9363000e+002  9.4700000e+000
  2.3300000e+001  4.5600000e-002  0.0000000e+000  1.3890000e+001  1.0000000e+000  5.5000000e-001  5.8880000e+000  5.6000000e+001  3.1121000e+000  5.0000000e+000  2.7600000e+002  1.6400000e+001  3.9280000e+002  1.3510000e+001
  2.8700000e+001  7.0130000e-002  0.0000000e+000  1.3890000e+001  0.0000000e+000  5.5000000e-001  6.6420000e+000  8.5100000e+001  3.4211000e+000  5.0000000e+000  2.7600000e+002  1.6400000e+001  3.9278000e+002  9.6900000e+000
  2.1500000e+001  1.1069000e-001  0.0000000e+000  1.3890000e+001  1.0000000e+000  5.5000000e-001  5.9510000e+000  9.3800000e+001  2.8893000e+000  5.0000000e+000  2.7600000e+002  1.6400000e+001  3.9690000e+002  1.7920000e+001
  2.3000000e+001  1.1425000e-001  0.0000000e+000  1.3890000e+001  1.0000000e+000  5.5000000e-001  6.3730000e+000  9.2400000e+001  3.3633000e+000  5.0000000e+000  2.7600000e+002  1.6400000e+001  3.9374000e+002  1.0500000e+001
  2.6700000e+001  3.5809000e-001  0.0000000e+000  6.2000000e+000  1.0000000e+000  5.0700000e-001  6.9510000e+000  8.8500000e+001  2.8617000e+000  8.0000000e+000  3.0700000e+002  1.7400000e+001  3.9170000e+002  9.7100000e+000
  2.1700000e+001  4.0771000e-001  0.0000000e+000  6.2000000e+000  1.0000000e+000  5.0700000e-001  6.1640000e+000  9.1300000e+001  3.0480000e+000  8.0000000e+000  3.0700000e+002  1.7400000e+001  3.9524000e+002  2.1460000e+001
  2.7500000e+001  6.2356000e-001  0.0000000e+000  6.2000000e+000  1.0000000e+000  5.0700000e-001  6.8790000e+000  7.7700000e+001  3.2721000e+000  8.0000000e+000  3.0700000e+002  1.7400000e+001  3.9039000e+002  9.9300000e+000
  3.0100000e+001  6.1470000e-001  0.0000000e+000  6.2000000e+000  0.0000000e+000  5.0700000e-001  6.6180000e+000  8.0800000e+001  3.2721000e+000  8.0000000e+000  3.0700000e+002  1.7400000e+001  3.9690000e+002  7.6000000e+000
  4.4800000e+001  3.1533000e-001  0.0000000e+000  6.2000000e+000  0.0000000e+000  5.0400000e-001  8.2660000e+000  7.8300000e+001  2.8944000e+000  8.0000000e+000  3.0700000e+002  1.7400000e+001  3.8505000e+002  4.1400000e+000
  5.0000000e+001  5.2693000e-001  0.0000000e+000  6.2000000e+000  0.0000000e+000  5.0400000e-001  8.7250000e+000  8.3000000e+001  2.8944000e+000  8.0000000e+000  3.0700000e+002  1.7400000e+001  3.8200000e+002  4.6300000e+000
  3.7600000e+001  3.8214000e-001  0.0000000e+000  6.2000000e+000  0.0000000e+000  5.0400000e-001  8.0400000e+000  8.6500000e+001  3.2157000e+000  8.0000000e+000  3.0700000e+002  1.7400000e+001  3.8738000e+002  3.1300000e+000
  3.1600000e+001  4.1238000e-001  0.0000000e+000  6.2000000e+000  0.0000000e+000  5.0400000e-001  7.1630000e+000  7.9900000e+001  3.2157000e+000  8.0000000e+000  3.0700000e+002  1.7400000e+001  3.7208000e+002  6.3600000e+000
  4.6700000e+001  2.9819000e-001  0.0000000e+000  6.2000000e+000  0.0000000e+000  5.0400000e-001  7.6860000e+000  1.7000000e+001  3.3751000e+000  8.0000000e+000  3.0700000e+002  1.7400000e+001  3.7751000e+002  3.9200000e+000
  3.1500000e+001  4.4178000e-001  0.0000000e+000  6.2000000e+000  0.0000000e+000  5.0400000e-001  6.5520000e+000  2.1400000e+001  3.3751000e+000  8.0000000e+000  3.0700000e+002  1.7400000e+001  3.8034000e+002  3.7600000e+000
  2.4300000e+001  5.3700000e-001  0.0000000e+000  6.2000000e+000  0.0000000e+000  5.0400000e-001  5.9810000e+000  6.8100000e+001  3.6715000e+000  8.0000000e+000  3.0700000e+002  1.7400000e+001  3.7835000e+002  1.1650000e+001
  3.1700000e+001  4.6296000e-001  0.0000000e+000  6.2000000e+000  0.0000000e+000  5.0400000e-001  7.4120000e+000  7.6900000e+001  3.6715000e+000  8.0000000e+000  3.0700000e+002  1.7400000e+001  3.7614000e+002  5.2500000e+000
  4.1700000e+001  5.7529000e-001  0.0000000e+000  6.2000000e+000  0.0000000e+000  5.0700000e-001  8.3370000e+000  7.3300000e+001  3.8384000e+000  8.0000000e+000  3.0700000e+002  1.7400000e+001  3.8591000e+002  2.4700000e+000
  4.8300000e+001  3.3147000e-001  0.0000000e+000  6.2000000e+000  0.0000000e+000  5.0700000e-001  8.2470000e+000  7.0400000e+001  3.6519000e+000  8.0000000e+000  3.0700000e+002  1.7400000e+001  3.7895000e+002  3.9500000e+000
  2.9000000e+001  4.4791000e-001  0.0000000e+000  6.2000000e+000  1.0000000e+000  5.0700000e-001  6.7260000e+000  6.6500000e+001  3.6519000e+000  8.0000000e+000  3.0700000e+002  1.7400000e+001  3.6020000e+002  8.0500000e+000
  2.4000000e+001  3.3045000e-001  0.0000000e+000  6.2000000e+000  0.0000000e+000  5.0700000e-001  6.0860000e+000  6.1500000e+001  3.6519000e+000  8.0000000e+000  3.0700000e+002  1.7400000e+001  3.7675000e+002  1.0880000e+001
  2.5100000e+001  5.2058000e-001  0.0000000e+000  6.2000000e+000  1.0000000e+000  5.0700000e-001  6.6310000e+000  7.6500000e+001  4.1480000e+000  8.0000000e+000  3.0700000e+002  1.7400000e+001  3.8845000e+002  9.5400000e+000
  3.1500000e+001  5.1183000e-001  0.0000000e+000  6.2000000e+000  0.0000000e+000  5.0700000e-001  7.3580000e+000  7.1600000e+001  4.1480000e+000  8.0000000e+000  3.0700000e+002  1.7400000e+001  3.9007000e+002  4.7300000e+000
  2.3700000e+001  8.2440000e-002  3.0000000e+001  4.9300000e+000  0.0000000e+000  4.2800000e-001  6.4810000e+000  1.8500000e+001  6.1899000e+000  6.0000000e+000  3.0000000e+002  1.6600000e+001  3.7941000e+002  6.3600000e+000
  2.3300000e+001  9.2520000e-002  3.0000000e+001  4.9300000e+000  0.0000000e+000  4.2800000e-001  6.6060000e+000  4.2200000e+001  6.1899000e+000  6.0000000e+000  3.0000000e+002  1.6600000e+001  3.8378000e+002  7.3700000e+000
  2.2000000e+001  1.1329000e-001  3.0000000e+001  4.9300000e+000  0.0000000e+000  4.2800000e-001  6.8970000e+000  5.4300000e+001  6.3361000e+000  6.0000000e+000  3.0000000e+002  1.6600000e+001  3.9125000e+002  1.1380000e+001
  2.0100000e+001  1.0612000e-001  3.0000000e+001  4.9300000e+000  0.0000000e+000  4.2800000e-001  6.0950000e+000  6.5100000e+001  6.3361000e+000  6.0000000e+000  3.0000000e+002  1.6600000e+001  3.9462000e+002  1.2400000e+001
  2.2200000e+001  1.0290000e-001  3.0000000e+001  4.9300000e+000  0.0000000e+000  4.2800000e-001  6.3580000e+000  5.2900000e+001  7.0355000e+000  6.0000000e+000  3.0000000e+002  1.6600000e+001  3.7275000e+002  1.1220000e+001
  2.3700000e+001  1.2757000e-001  3.0000000e+001  4.9300000e+000  0.0000000e+000  4.2800000e-001  6.3930000e+000  7.8000000e+000  7.0355000e+000  6.0000000e+000  3.0000000e+002  1.6600000e+001  3.7471000e+002  5.1900000e+000
  1.7600000e+001  2.0608000e-001  2.2000000e+001  5.8600000e+000  0.0000000e+000  4.3100000e-001  5.5930000e+000  7.6500000e+001  7.9549000e+000  7.0000000e+000  3.3000000e+002  1.9100000e+001  3.7249000e+002  1.2500000e+001
  1.8500000e+001  1.9133000e-001  2.2000000e+001  5.8600000e+000  0.0000000e+000  4.3100000e-001  5.6050000e+000  7.0200000e+001  7.9549000e+000  7.0000000e+000  3.3000000e+002  1.9100000e+001  3.8913000e+002  1.8460000e+001
  2.4300000e+001  3.3983000e-001  2.2000000e+001  5.8600000e+000  0.0000000e+000  4.3100000e-001  6.1080000e+000  3.4900000e+001  8.0555000e+000  7.0000000e+000  3.3000000e+002  1.9100000e+001  3.9018000e+002  9.1600000e+000
  2.0500000e+001  1.9657000e-001  2.2000000e+001  5.8600000e+000  0.0000000e+000  4.3100000e-001  6.2260000e+000  7.9200000e+001  8.0555000e+000  7.0000000e+000  3.3000000e+002  1.9100000e+001  3.7614000e+002  1.0150000e+001
  2.4500000e+001  1.6439000e-001  2.2000000e+001  5.8600000e+000  0.0000000e+000  4.3100000e-001  6.4330000e+000  4.9100000e+001  7.8265000e+000  7.0000000e+000  3.3000000e+002  1.9100000e+001  3.7471000e+002  9.5200000e+000
  2.6200000e+001  1.9073000e-001  2.2000000e+001  5.8600000e+000  0.0000000e+000  4.3100000e-001  6.7180000e+000  1.7500000e+001  7.8265000e+000  7.0000000e+000  3.3000000e+002  1.9100000e+001  3.9374000e+002  6.5600000e+000
  2.4400000e+001  1.4030000e-001  2.2000000e+001  5.8600000e+000  0.0000000e+000  4.3100000e-001  6.4870000e+000  1.3000000e+001  7.3967000e+000  7.0000000e+000  3.3000000e+002  1.9100000e+001  3.9628000e+002  5.9000000e+000
  2.4800000e+001  2.1409000e-001  2.2000000e+001  5.8600000e+000  0.0000000e+000  4.3100000e-001  6.4380000e+000  8.9000000e+000  7.3967000e+000  7.0000000e+000  3.3000000e+002  1.9100000e+001  3.7707000e+002  3.5900000e+000
  2.9600000e+001  8.2210000e-002  2.2000000e+001  5.8600000e+000  0.0000000e+000  4.3100000e-001  6.9570000e+000  6.8000000e+000  8.9067000e+000  7.0000000e+000  3.3000000e+002  1.9100000e+001  3.8609000e+002  3.5300000e+000
  4.2800000e+001  3.6894000e-001  2.2000000e+001  5.8600000e+000  0.0000000e+000  4.3100000e-001  8.2590000e+000  8.4000000e+000  8.9067000e+000  7.0000000e+000  3.3000000e+002  1.9100000e+001  3.9690000e+002  3.5400000e+000
  2.1900000e+001  4.8190000e-002  8.0000000e+001  3.6400000e+000  0.0000000e+000  3.9200000e-001  6.1080000e+000  3.2000000e+001  9.2203000e+000  1.0000000e+000  3.1500000e+002  1.6400000e+001  3.9289000e+002  6.5700000e+000
  2.0900000e+001  3.5480000e-002  8.0000000e+001  3.6400000e+000  0.0000000e+000  3.9200000e-001  5.8760000e+000  1.9100000e+001  9.2203000e+000  1.0000000e+000  3.1500000e+002  1.6400000e+001  3.9518000e+002  9.2500000e+000
  4.4000000e+001  1.5380000e-002  9.0000000e+001  3.7500000e+000  0.0000000e+000  3.9400000e-001  7.4540000e+000  3.4200000e+001  6.3361000e+000  3.0000000e+000  2.4400000e+002  1.5900000e+001  3.8634000e+002  3.1100000e+000
  5.0000000e+001  6.1154000e-001  2.0000000e+001  3.9700000e+000  0.0000000e+000  6.4700000e-001  8.7040000e+000  8.6900000e+001  1.8010000e+000  5.0000000e+000  2.6400000e+002  1.3000000e+001  3.8970000e+002  5.1200000e+000
  3.6000000e+001  6.6351000e-001  2.0000000e+001  3.9700000e+000  0.0000000e+000  6.4700000e-001  7.3330000e+000  1.0000000e+002  1.8946000e+000  5.0000000e+000  2.6400000e+002  1.3000000e+001  3.8329000e+002  7.7900000e+000
  3.0100000e+001  6.5665000e-001  2.0000000e+001  3.9700000e+000  0.0000000e+000  6.4700000e-001  6.8420000e+000  1.0000000e+002  2.0107000e+000  5.0000000e+000  2.6400000e+002  1.3000000e+001  3.9193000e+002  6.9000000e+000
  3.3800000e+001  5.4011000e-001  2.0000000e+001  3.9700000e+000  0.0000000e+000  6.4700000e-001  7.2030000e+000  8.1800000e+001  2.1121000e+000  5.0000000e+000  2.6400000e+002  1.3000000e+001  3.9280000e+002  9.5900000e+000
  4.3100000e+001  5.3412000e-001  2.0000000e+001  3.9700000e+000  0.0000000e+000  6.4700000e-001  7.5200000e+000  8.9400000e+001  2.1398000e+000  5.0000000e+000  2.6400000e+002  1.3000000e+001  3.8837000e+002  7.2600000e+000
  4.8800000e+001  5.2014000e-001  2.0000000e+001  3.9700000e+000  0.0000000e+000  6.4700000e-001  8.3980000e+000  9.1500000e+001  2.2885000e+000  5.0000000e+000  2.6400000e+002  1.3000000e+001  3.8686000e+002  5.9100000e+000
  3.1000000e+001  8.2526000e-001  2.0000000e+001  3.9700000e+000  0.0000000e+000  6.4700000e-001  7.3270000e+000  9.4500000e+001  2.0788000e+000  5.0000000e+000  2.6400000e+002  1.3000000e+001  3.9342000e+002  1.1250000e+001
  3.6500000e+001  5.5007000e-001  2.0000000e+001  3.9700000e+000  0.0000000e+000  6.4700000e-001  7.2060000e+000  9.1600000e+001  1.9301000e+000  5.0000000e+000  2.6400000e+002  1.3000000e+001  3.8789000e+002  8.1000000e+000
  2.2800000e+001  7.6162000e-001  2.0000000e+001  3.9700000e+000  0.0000000e+000  6.4700000e-001  5.5600000e+000  6.2800000e+001  1.9865000e+000  5.0000000e+000  2.6400000e+002  1.3000000e+001  3.9240000e+002  1.0450000e+001
  3.0700000e+001  7.8570000e-001  2.0000000e+001  3.9700000e+000  0.0000000e+000  6.4700000e-001  7.0140000e+000  8.4600000e+001  2.1329000e+000  5.0000000e+000  2.6400000e+002  1.3000000e+001  3.8407000e+002  1.4790000e+001
  5.0000000e+001  5.7834000e-001  2.0000000e+001  3.9700000e+000  0.0000000e+000  5.7500000e-001  8.2970000e+000  6.7000000e+001  2.4216000e+000  5.0000000e+000  2.6400000e+002  1.3000000e+001  3.8454000e+002  7.4400000e+000
  4.3500000e+001  5.4050000e-001  2.0000000e+001  3.9700000e+000  0.0000000e+000  5.7500000e-001  7.4700000e+000  5.2600000e+001  2.8720000e+000  5.0000000e+000  2.6400000e+002  1.3000000e+001  3.9030000e+002  3.1600000e+000
  2.0700000e+001  9.0650000e-002  2.0000000e+001  6.9600000e+000  1.0000000e+000  4.6400000e-001  5.9200000e+000  6.1500000e+001  3.9175000e+000  3.0000000e+000  2.2300000e+002  1.8600000e+001  3.9134000e+002  1.3650000e+001
  2.1100000e+001  2.9916000e-001  2.0000000e+001  6.9600000e+000  0.0000000e+000  4.6400000e-001  5.8560000e+000  4.2100000e+001  4.4290000e+000  3.0000000e+000  2.2300000e+002  1.8600000e+001  3.8865000e+002  1.3000000e+001
  2.5200000e+001  1.6211000e-001  2.0000000e+001  6.9600000e+000  0.0000000e+000  4.6400000e-001  6.2400000e+000  1.6300000e+001  4.4290000e+000  3.0000000e+000  2.2300000e+002  1.8600000e+001  3.9690000e+002  6.5900000e+000
  2.4400000e+001  1.1460000e-001  2.0000000e+001  6.9600000e+000  0.0000000e+000  4.6400000e-001  6.5380000e+000  5.8700000e+001  3.9175000e+000  3.0000000e+000  2.2300000e+002  1.8600000e+001  3.9496000e+002  7.7300000e+000
  3.5200000e+001  2.2188000e-001  2.0000000e+001  6.9600000e+000  1.0000000e+000  4.6400000e-001  7.6910000e+000  5.1800000e+001  4.3665000e+000  3.0000000e+000  2.2300000e+002  1.8600000e+001  3.9077000e+002  6.5800000e+000
  3.2400000e+001  5.6440000e-002  4.0000000e+001  6.4100000e+000  1.0000000e+000  4.4700000e-001  6.7580000e+000  3.2900000e+001  4.0776000e+000  4.0000000e+000  2.5400000e+002  1.7600000e+001  3.9690000e+002  3.5300000e+000
  3.2000000e+001  9.6040000e-002  4.0000000e+001  6.4100000e+000  0.0000000e+000  4.4700000e-001  6.8540000e+000  4.2800000e+001  4.2673000e+000  4.0000000e+000  2.5400000e+002  1.7600000e+001  3.9690000e+002  2.9800000e+000
  3.3200000e+001  1.0469000e-001  4.0000000e+001  6.4100000e+000  1.0000000e+000  4.4700000e-001  7.2670000e+000  4.9000000e+001  4.7872000e+000  4.0000000e+000  2.5400000e+002  1.7600000e+001  3.8925000e+002  6.0500000e+000
  3.3100000e+001  6.1270000e-002  4.0000000e+001  6.4100000e+000  1.0000000e+000  4.4700000e-001  6.8260000e+000  2.7600000e+001  4.8628000e+000  4.0000000e+000  2.5400000e+002  1.7600000e+001  3.9345000e+002  4.1600000e+000
  2.9100000e+001  7.9780000e-002  4.0000000e+001  6.4100000e+000  0.0000000e+000  4.4700000e-001  6.4820000e+000  3.2100000e+001  4.1403000e+000  4.0000000e+000  2.5400000e+002  1.7600000e+001  3.9690000e+002  7.1900000e+000
  3.5100000e+001  2.1038000e-001  2.0000000e+001  3.3300000e+000  0.0000000e+000  4.4290000e-001  6.8120000e+000  3.2200000e+001  4.1007000e+000  5.0000000e+000  2.1600000e+002  1.4900000e+001  3.9690000e+002  4.8500000e+000
  4.5400000e+001  3.5780000e-002  2.0000000e+001  3.3300000e+000  0.0000000e+000  4.4290000e-001  7.8200000e+000  6.4500000e+001  4.6947000e+000  5.0000000e+000  2.1600000e+002  1.4900000e+001  3.8731000e+002  3.7600000e+000
  3.5400000e+001  3.7050000e-002  2.0000000e+001  3.3300000e+000  0.0000000e+000  4.4290000e-001  6.9680000e+000  3.7200000e+001  5.2447000e+000  5.0000000e+000  2.1600000e+002  1.4900000e+001  3.9223000e+002  4.5900000e+000
  4.6000000e+001  6.1290000e-002  2.0000000e+001  3.3300000e+000  1.0000000e+000  4.4290000e-001  7.6450000e+000  4.9700000e+001  5.2119000e+000  5.0000000e+000  2.1600000e+002  1.4900000e+001  3.7707000e+002  3.0100000e+000
  5.0000000e+001  1.5010000e-002  9.0000000e+001  1.2100000e+000  1.0000000e+000  4.0100000e-001  7.9230000e+000  2.4800000e+001  5.8850000e+000  1.0000000e+000  1.9800000e+002  1.3600000e+001  3.9552000e+002  3.1600000e+000
  3.2200000e+001  9.0600000e-003  9.0000000e+001  2.9700000e+000  0.0000000e+000  4.0000000e-001  7.0880000e+000  2.0800000e+001  7.3073000e+000  1.0000000e+000  2.8500000e+002  1.5300000e+001  3.9472000e+002  7.8500000e+000
  2.2000000e+001  1.0960000e-002  5.5000000e+001  2.2500000e+000  0.0000000e+000  3.8900000e-001  6.4530000e+000  3.1900000e+001  7.3073000e+000  1.0000000e+000  3.0000000e+002  1.5300000e+001  3.9472000e+002  8.2300000e+000
  2.0100000e+001  1.9650000e-002  8.0000000e+001  1.7600000e+000  0.0000000e+000  3.8500000e-001  6.2300000e+000  3.1500000e+001  9.0892000e+000  1.0000000e+000  2.4100000e+002  1.8200000e+001  3.4160000e+002  1.2930000e+001
  2.3200000e+001  3.8710000e-002  5.2500000e+001  5.3200000e+000  0.0000000e+000  4.0500000e-001  6.2090000e+000  3.1300000e+001  7.3172000e+000  6.0000000e+000  2.9300000e+002  1.6600000e+001  3.9690000e+002  7.1400000e+000
  2.2300000e+001  4.5900000e-002  5.2500000e+001  5.3200000e+000  0.0000000e+000  4.0500000e-001  6.3150000e+000  4.5600000e+001  7.3172000e+000  6.0000000e+000  2.9300000e+002  1.6600000e+001  3.9690000e+002  7.6000000e+000
  2.4800000e+001  4.2970000e-002  5.2500000e+001  5.3200000e+000  0.0000000e+000  4.0500000e-001  6.5650000e+000  2.2900000e+001  7.3172000e+000  6.0000000e+000  2.9300000e+002  1.6600000e+001  3.7172000e+002  9.5100000e+000
  2.8500000e+001  3.5020000e-002  8.0000000e+001  4.9500000e+000  0.0000000e+000  4.1100000e-001  6.8610000e+000  2.7900000e+001  5.1167000e+000  4.0000000e+000  2.4500000e+002  1.9200000e+001  3.9690000e+002  3.3300000e+000
  3.7300000e+001  7.8860000e-002  8.0000000e+001  4.9500000e+000  0.0000000e+000  4.1100000e-001  7.1480000e+000  2.7700000e+001  5.1167000e+000  4.0000000e+000  2.4500000e+002  1.9200000e+001  3.9690000e+002  3.5600000e+000
  2.7900000e+001  3.6150000e-002  8.0000000e+001  4.9500000e+000  0.0000000e+000  4.1100000e-001  6.6300000e+000  2.3400000e+001  5.1167000e+000  4.0000000e+000  2.4500000e+002  1.9200000e+001  3.9690000e+002  4.7000000e+000
  2.3900000e+001  8.2650000e-002  0.0000000e+000  1.3920000e+001  0.0000000e+000  4.3700000e-001  6.1270000e+000  1.8400000e+001  5.5027000e+000  4.0000000e+000  2.8900000e+002  1.6000000e+001  3.9690000e+002  8.5800000e+000
  2.1700000e+001  8.1990000e-002  0.0000000e+000  1.3920000e+001  0.0000000e+000  4.3700000e-001  6.0090000e+000  4.2300000e+001  5.5027000e+000  4.0000000e+000  2.8900000e+002  1.6000000e+001  3.9690000e+002  1.0400000e+001
  2.8600000e+001  1.2932000e-001  0.0000000e+000  1.3920000e+001  0.0000000e+000  4.3700000e-001  6.6780000e+000  3.1100000e+001  5.9604000e+000  4.0000000e+000  2.8900000e+002  1.6000000e+001  3.9690000e+002  6.2700000e+000
  2.7100000e+001  5.3720000e-002  0.0000000e+000  1.3920000e+001  0.0000000e+000  4.3700000e-001  6.5490000e+000  5.1000000e+001  5.9604000e+000  4.0000000e+000  2.8900000e+002  1.6000000e+001  3.9285000e+002  7.3900000e+000
  2.0300000e+001  1.4103000e-001  0.0000000e+000  1.3920000e+001  0.0000000e+000  4.3700000e-001  5.7900000e+000  5.8000000e+001  6.3200000e+000  4.0000000e+000  2.8900000e+002  1.6000000e+001  3.9690000e+002  1.5840000e+001
  2.2500000e+001  6.4660000e-002  7.0000000e+001  2.2400000e+000  0.0000000e+000  4.0000000e-001  6.3450000e+000  2.0100000e+001  7.8278000e+000  5.0000000e+000  3.5800000e+002  1.4800000e+001  3.6824000e+002  4.9700000e+000
  2.9000000e+001  5.5610000e-002  7.0000000e+001  2.2400000e+000  0.0000000e+000  4.0000000e-001  7.0410000e+000  1.0000000e+001  7.8278000e+000  5.0000000e+000  3.5800000e+002  1.4800000e+001  3.7158000e+002  4.7400000e+000
  2.4800000e+001  4.4170000e-002  7.0000000e+001  2.2400000e+000  0.0000000e+000  4.0000000e-001  6.8710000e+000  4.7400000e+001  7.8278000e+000  5.0000000e+000  3.5800000e+002  1.4800000e+001  3.9086000e+002  6.0700000e+000
  2.2000000e+001  3.5370000e-002  3.4000000e+001  6.0900000e+000  0.0000000e+000  4.3300000e-001  6.5900000e+000  4.0400000e+001  5.4917000e+000  7.0000000e+000  3.2900000e+002  1.6100000e+001  3.9575000e+002  9.5000000e+000
  2.6400000e+001  9.2660000e-002  3.4000000e+001  6.0900000e+000  0.0000000e+000  4.3300000e-001  6.4950000e+000  1.8400000e+001  5.4917000e+000  7.0000000e+000  3.2900000e+002  1.6100000e+001  3.8361000e+002  8.6700000e+000
  3.3100000e+001  1.0000000e-001  3.4000000e+001  6.0900000e+000  0.0000000e+000  4.3300000e-001  6.9820000e+000  1.7700000e+001  5.4917000e+000  7.0000000e+000  3.2900000e+002  1.6100000e+001  3.9043000e+002  4.8600000e+000
  3.6100000e+001  5.5150000e-002  3.3000000e+001  2.1800000e+000  0.0000000e+000  4.7200000e-001  7.2360000e+000  4.1100000e+001  4.0220000e+000  7.0000000e+000  2.2200000e+002  1.8400000e+001  3.9368000e+002  6.9300000e+000
  2.8400000e+001  5.4790000e-002  3.3000000e+001  2.1800000e+000  0.0000000e+000  4.7200000e-001  6.6160000e+000  5.8100000e+001  3.3700000e+000  7.0000000e+000  2.2200000e+002  1.8400000e+001  3.9336000e+002  8.9300000e+000
  3.3400000e+001  7.5030000e-002  3.3000000e+001  2.1800000e+000  0.0000000e+000  4.7200000e-001  7.4200000e+000  7.1900000e+001  3.0992000e+000  7.0000000e+000  2.2200000e+002  1.8400000e+001  3.9690000e+002  6.4700000e+000
  2.8200000e+001  4.9320000e-002  3.3000000e+001  2.1800000e+000  0.0000000e+000  4.7200000e-001  6.8490000e+000  7.0300000e+001  3.1827000e+000  7.0000000e+000  2.2200000e+002  1.8400000e+001  3.9690000e+002  7.5300000e+000
  2.2800000e+001  4.9298000e-001  0.0000000e+000  9.9000000e+000  0.0000000e+000  5.4400000e-001  6.6350000e+000  8.2500000e+001  3.3175000e+000  4.0000000e+000  3.0400000e+002  1.8400000e+001  3.9690000e+002  4.5400000e+000
  2.0300000e+001  3.4940000e-001  0.0000000e+000  9.9000000e+000  0.0000000e+000  5.4400000e-001  5.9720000e+000  7.6700000e+001  3.1025000e+000  4.0000000e+000  3.0400000e+002  1.8400000e+001  3.9624000e+002  9.9700000e+000
  1.6100000e+001  2.6354800e+000  0.0000000e+000  9.9000000e+000  0.0000000e+000  5.4400000e-001  4.9730000e+000  3.7800000e+001  2.5194000e+000  4.0000000e+000  3.0400000e+002  1.8400000e+001  3.5045000e+002  1.2640000e+001
  2.2100000e+001  7.9041000e-001  0.0000000e+000  9.9000000e+000  0.0000000e+000  5.4400000e-001  6.1220000e+000  5.2800000e+001  2.6403000e+000  4.0000000e+000  3.0400000e+002  1.8400000e+001  3.9690000e+002  5.9800000e+000
  1.9400000e+001  2.6169000e-001  0.0000000e+000  9.9000000e+000  0.0000000e+000  5.4400000e-001  6.0230000e+000  9.0400000e+001  2.8340000e+000  4.0000000e+000  3.0400000e+002  1.8400000e+001  3.9630000e+002  1.1720000e+001
  2.1600000e+001  2.6938000e-001  0.0000000e+000  9.9000000e+000  0.0000000e+000  5.4400000e-001  6.2660000e+000  8.2800000e+001  3.2628000e+000  4.0000000e+000  3.0400000e+002  1.8400000e+001  3.9339000e+002  7.9000000e+000
  2.3800000e+001  3.6920000e-001  0.0000000e+000  9.9000000e+000  0.0000000e+000  5.4400000e-001  6.5670000e+000  8.7300000e+001  3.6023000e+000  4.0000000e+000  3.0400000e+002  1.8400000e+001  3.9569000e+002  9.2800000e+000
  1.6200000e+001  2.5356000e-001  0.0000000e+000  9.9000000e+000  0.0000000e+000  5.4400000e-001  5.7050000e+000  7.7700000e+001  3.9450000e+000  4.0000000e+000  3.0400000e+002  1.8400000e+001  3.9642000e+002  1.1500000e+001
  1.7800000e+001  3.1827000e-001  0.0000000e+000  9.9000000e+000  0.0000000e+000  5.4400000e-001  5.9140000e+000  8.3200000e+001  3.9986000e+000  4.0000000e+000  3.0400000e+002  1.8400000e+001  3.9070000e+002  1.8330000e+001
  1.9800000e+001  2.4522000e-001  0.0000000e+000  9.9000000e+000  0.0000000e+000  5.4400000e-001  5.7820000e+000  7.1700000e+001  4.0317000e+000  4.0000000e+000  3.0400000e+002  1.8400000e+001  3.9690000e+002  1.5940000e+001
  2.3100000e+001  4.0202000e-001  0.0000000e+000  9.9000000e+000  0.0000000e+000  5.4400000e-001  6.3820000e+000  6.7200000e+001  3.5325000e+000  4.0000000e+000  3.0400000e+002  1.8400000e+001  3.9521000e+002  1.0360000e+001
  2.1000000e+001  4.7547000e-001  0.0000000e+000  9.9000000e+000  0.0000000e+000  5.4400000e-001  6.1130000e+000  5.8800000e+001  4.0019000e+000  4.0000000e+000  3.0400000e+002  1.8400000e+001  3.9623000e+002  1.2730000e+001
  2.3800000e+001  1.6760000e-001  0.0000000e+000  7.3800000e+000  0.0000000e+000  4.9300000e-001  6.4260000e+000  5.2300000e+001  4.5404000e+000  5.0000000e+000  2.8700000e+002  1.9600000e+001  3.9690000e+002  7.2000000e+000
  2.3100000e+001  1.8159000e-001  0.0000000e+000  7.3800000e+000  0.0000000e+000  4.9300000e-001  6.3760000e+000  5.4300000e+001  4.5404000e+000  5.0000000e+000  2.8700000e+002  1.9600000e+001  3.9690000e+002  6.8700000e+000
  2.0400000e+001  3.5114000e-001  0.0000000e+000  7.3800000e+000  0.0000000e+000  4.9300000e-001  6.0410000e+000  4.9900000e+001  4.7211000e+000  5.0000000e+000  2.8700000e+002  1.9600000e+001  3.9690000e+002  7.7000000e+000
  1.8500000e+001  2.8392000e-001  0.0000000e+000  7.3800000e+000  0.0000000e+000  4.9300000e-001  5.7080000e+000  7.4300000e+001  4.7211000e+000  5.0000000e+000  2.8700000e+002  1.9600000e+001  3.9113000e+002  1.1740000e+001
  2.5000000e+001  3.4109000e-001  0.0000000e+000  7.3800000e+000  0.0000000e+000  4.9300000e-001  6.4150000e+000  4.0100000e+001  4.7211000e+000  5.0000000e+000  2.8700000e+002  1.9600000e+001  3.9690000e+002  6.1200000e+000
  2.4600000e+001  1.9186000e-001  0.0000000e+000  7.3800000e+000  0.0000000e+000  4.9300000e-001  6.4310000e+000  1.4700000e+001  5.4159000e+000  5.0000000e+000  2.8700000e+002  1.9600000e+001  3.9368000e+002  5.0800000e+000
  2.3000000e+001  3.0347000e-001  0.0000000e+000  7.3800000e+000  0.0000000e+000  4.9300000e-001  6.3120000e+000  2.8900000e+001  5.4159000e+000  5.0000000e+000  2.8700000e+002  1.9600000e+001  3.9690000e+002  6.1500000e+000
  2.2200000e+001  2.4103000e-001  0.0000000e+000  7.3800000e+000  0.0000000e+000  4.9300000e-001  6.0830000e+000  4.3700000e+001  5.4159000e+000  5.0000000e+000  2.8700000e+002  1.9600000e+001  3.9690000e+002  1.2790000e+001
  1.9300000e+001  6.6170000e-002  0.0000000e+000  3.2400000e+000  0.0000000e+000  4.6000000e-001  5.8680000e+000  2.5800000e+001  5.2146000e+000  4.0000000e+000  4.3000000e+002  1.6900000e+001  3.8244000e+002  9.9700000e+000
  2.2600000e+001  6.7240000e-002  0.0000000e+000  3.2400000e+000  0.0000000e+000  4.6000000e-001  6.3330000e+000  1.7200000e+001  5.2146000e+000  4.0000000e+000  4.3000000e+002  1.6900000e+001  3.7521000e+002  7.3400000e+000
  1.9800000e+001  4.5440000e-002  0.0000000e+000  3.2400000e+000  0.0000000e+000  4.6000000e-001  6.1440000e+000  3.2200000e+001  5.8736000e+000  4.0000000e+000  4.3000000e+002  1.6900000e+001  3.6857000e+002  9.0900000e+000
  1.7100000e+001  5.0230000e-002  3.5000000e+001  6.0600000e+000  0.0000000e+000  4.3790000e-001  5.7060000e+000  2.8400000e+001  6.6407000e+000  1.0000000e+000  3.0400000e+002  1.6900000e+001  3.9402000e+002  1.2430000e+001
  1.9400000e+001  3.4660000e-002  3.5000000e+001  6.0600000e+000  0.0000000e+000  4.3790000e-001  6.0310000e+000  2.3300000e+001  6.6407000e+000  1.0000000e+000  3.0400000e+002  1.6900000e+001  3.6225000e+002  7.8300000e+000
  2.2200000e+001  5.0830000e-002  0.0000000e+000  5.1900000e+000  0.0000000e+000  5.1500000e-001  6.3160000e+000  3.8100000e+001  6.4584000e+000  5.0000000e+000  2.2400000e+002  2.0200000e+001  3.8971000e+002  5.6800000e+000
  2.0700000e+001  3.7380000e-002  0.0000000e+000  5.1900000e+000  0.0000000e+000  5.1500000e-001  6.3100000e+000  3.8500000e+001  6.4584000e+000  5.0000000e+000  2.2400000e+002  2.0200000e+001  3.8940000e+002  6.7500000e+000
  2.1100000e+001  3.9610000e-002  0.0000000e+000  5.1900000e+000  0.0000000e+000  5.1500000e-001  6.0370000e+000  3.4500000e+001  5.9853000e+000  5.0000000e+000  2.2400000e+002  2.0200000e+001  3.9690000e+002  8.0100000e+000
  1.9500000e+001  3.4270000e-002  0.0000000e+000  5.1900000e+000  0.0000000e+000  5.1500000e-001  5.8690000e+000  4.6300000e+001  5.2311000e+000  5.0000000e+000  2.2400000e+002  2.0200000e+001  3.9690000e+002  9.8000000e+000
  1.8500000e+001  3.0410000e-002  0.0000000e+000  5.1900000e+000  0.0000000e+000  5.1500000e-001  5.8950000e+000  5.9600000e+001  5.6150000e+000  5.0000000e+000  2.2400000e+002  2.0200000e+001  3.9481000e+002  1.0560000e+001
  2.0600000e+001  3.3060000e-002  0.0000000e+000  5.1900000e+000  0.0000000e+000  5.1500000e-001  6.0590000e+000  3.7300000e+001  4.8122000e+000  5.0000000e+000  2.2400000e+002  2.0200000e+001  3.9614000e+002  8.5100000e+000
  1.9000000e+001  5.4970000e-002  0.0000000e+000  5.1900000e+000  0.0000000e+000  5.1500000e-001  5.9850000e+000  4.5400000e+001  4.8122000e+000  5.0000000e+000  2.2400000e+002  2.0200000e+001  3.9690000e+002  9.7400000e+000
  1.8700000e+001  6.1510000e-002  0.0000000e+000  5.1900000e+000  0.0000000e+000  5.1500000e-001  5.9680000e+000  5.8500000e+001  4.8122000e+000  5.0000000e+000  2.2400000e+002  2.0200000e+001  3.9690000e+002  9.2900000e+000
  3.2700000e+001  1.3010000e-002  3.5000000e+001  1.5200000e+000  0.0000000e+000  4.4200000e-001  7.2410000e+000  4.9300000e+001  7.0379000e+000  1.0000000e+000  2.8400000e+002  1.5500000e+001  3.9474000e+002  5.4900000e+000
  1.6500000e+001  2.4980000e-002  0.0000000e+000  1.8900000e+000  0.0000000e+000  5.1800000e-001  6.5400000e+000  5.9700000e+001  6.2669000e+000  1.0000000e+000  4.2200000e+002  1.5900000e+001  3.8996000e+002  8.6500000e+000
  2.3900000e+001  2.5430000e-002  5.5000000e+001  3.7800000e+000  0.0000000e+000  4.8400000e-001  6.6960000e+000  5.6400000e+001  5.7321000e+000  5.0000000e+000  3.7000000e+002  1.7600000e+001  3.9690000e+002  7.1800000e+000
  3.1200000e+001  3.0490000e-002  5.5000000e+001  3.7800000e+000  0.0000000e+000  4.8400000e-001  6.8740000e+000  2.8100000e+001  6.4654000e+000  5.0000000e+000  3.7000000e+002  1.7600000e+001  3.8797000e+002  4.6100000e+000
  1.7500000e+001  3.1130000e-002  0.0000000e+000  4.3900000e+000  0.0000000e+000  4.4200000e-001  6.0140000e+000  4.8500000e+001  8.0136000e+000  3.0000000e+000  3.5200000e+002  1.8800000e+001  3.8564000e+002  1.0530000e+001
  1.7200000e+001  6.1620000e-002  0.0000000e+000  4.3900000e+000  0.0000000e+000  4.4200000e-001  5.8980000e+000  5.2300000e+001  8.0136000e+000  3.0000000e+000  3.5200000e+002  1.8800000e+001  3.6461000e+002  1.2670000e+001
  2.3100000e+001  1.8700000e-002  8.5000000e+001  4.1500000e+000  0.0000000e+000  4.2900000e-001  6.5160000e+000  2.7700000e+001  8.5353000e+000  4.0000000e+000  3.5100000e+002  1.7900000e+001  3.9243000e+002  6.3600000e+000
  2.4500000e+001  1.5010000e-002  8.0000000e+001  2.0100000e+000  0.0000000e+000  4.3500000e-001  6.6350000e+000  2.9700000e+001  8.3440000e+000  4.0000000e+000  2.8000000e+002  1.7000000e+001  3.9094000e+002  5.9900000e+000
  2.6600000e+001  2.8990000e-002  4.0000000e+001  1.2500000e+000  0.0000000e+000  4.2900000e-001  6.9390000e+000  3.4500000e+001  8.7921000e+000  1.0000000e+000  3.3500000e+002  1.9700000e+001  3.8985000e+002  5.8900000e+000
  2.2900000e+001  6.2110000e-002  4.0000000e+001  1.2500000e+000  0.0000000e+000  4.2900000e-001  6.4900000e+000  4.4400000e+001  8.7921000e+000  1.0000000e+000  3.3500000e+002  1.9700000e+001  3.9690000e+002  5.9800000e+000
  2.4100000e+001  7.9500000e-002  6.0000000e+001  1.6900000e+000  0.0000000e+000  4.1100000e-001  6.5790000e+000  3.5900000e+001  1.0710300e+001  4.0000000e+000  4.1100000e+002  1.8300000e+001  3.7078000e+002  5.4900000e+000
  1.8600000e+001  7.2440000e-002  6.0000000e+001  1.6900000e+000  0.0000000e+000  4.1100000e-001  5.8840000e+000  1.8500000e+001  1.0710300e+001  4.0000000e+000  4.1100000e+002  1.8300000e+001  3.9233000e+002  7.7900000e+000
  3.0100000e+001  1.7090000e-002  9.0000000e+001  2.0200000e+000  0.0000000e+000  4.1000000e-001  6.7280000e+000  3.6100000e+001  1.2126500e+001  5.0000000e+000  1.8700000e+002  1.7000000e+001  3.8446000e+002  4.5000000e+000
  1.8200000e+001  4.3010000e-002  8.0000000e+001  1.9100000e+000  0.0000000e+000  4.1300000e-001  5.6630000e+000  2.1900000e+001  1.0585700e+001  4.0000000e+000  3.3400000e+002  2.2000000e+001  3.8280000e+002  8.0500000e+000
  2.0600000e+001  1.0659000e-001  8.0000000e+001  1.9100000e+000  0.0000000e+000  4.1300000e-001  5.9360000e+000  1.9500000e+001  1.0585700e+001  4.0000000e+000  3.3400000e+002  2.2000000e+001  3.7604000e+002  5.5700000e+000
  1.9900000e+001  3.1636000e+000  0.0000000e+000  1.8100000e+001  0.0000000e+000  6.5500000e-001  5.7590000e+000  4.8200000e+001  3.0665000e+000  2.4000000e+001  6.6600000e+002  2.0200000e+001  3.3440000e+002  1.4130000e+001
  2.1800000e+001  2.8183800e+000  0.0000000e+000  1.8100000e+001  0.0000000e+000  5.3200000e-001  5.7620000e+000  4.0300000e+001  4.0983000e+000  2.4000000e+001  6.6600000e+002  2.0200000e+001  3.9292000e+002  1.0420000e+001
  2.0600000e+001  2.3785700e+000  0.0000000e+000  1.8100000e+001  0.0000000e+000  5.8300000e-001  5.8710000e+000  4.1900000e+001  3.7240000e+000  2.4000000e+001  6.6600000e+002  2.0200000e+001  3.7073000e+002  1.3340000e+001
  1.5200000e+001  1.5086000e-001  0.0000000e+000  2.7740000e+001  0.0000000e+000  6.0900000e-001  5.4540000e+000  9.2700000e+001  1.8209000e+000  4.0000000e+000  7.1100000e+002  2.0100000e+001  3.9509000e+002  1.8060000e+001
  7.0000000e+000  1.8337000e-001  0.0000000e+000  2.7740000e+001  0.0000000e+000  6.0900000e-001  5.4140000e+000  9.8300000e+001  1.7554000e+000  4.0000000e+000  7.1100000e+002  2.0100000e+001  3.4405000e+002  2.3970000e+001
  8.1000000e+000  2.0746000e-001  0.0000000e+000  2.7740000e+001  0.0000000e+000  6.0900000e-001  5.0930000e+000  9.8000000e+001  1.8226000e+000  4.0000000e+000  7.1100000e+002  2.0100000e+001  3.1843000e+002  2.9680000e+001
  1.3600000e+001  1.0574000e-001  0.0000000e+000  2.7740000e+001  0.0000000e+000  6.0900000e-001  5.9830000e+000  9.8800000e+001  1.8681000e+000  4.0000000e+000  7.1100000e+002  2.0100000e+001  3.9011000e+002  1.8070000e+001
  2.0100000e+001  1.1132000e-001  0.0000000e+000  2.7740000e+001  0.0000000e+000  6.0900000e-001  5.9830000e+000  8.3500000e+001  2.1099000e+000  4.0000000e+000  7.1100000e+002  2.0100000e+001  3.9690000e+002  1.3350000e+001
  2.1800000e+001  1.7331000e-001  0.0000000e+000  9.6900000e+000  0.0000000e+000  5.8500000e-001  5.7070000e+000  5.4000000e+001  2.3817000e+000  6.0000000e+000  3.9100000e+002  1.9200000e+001  3.9690000e+002  1.2010000e+001
  2.4500000e+001  2.7957000e-001  0.0000000e+000  9.6900000e+000  0.0000000e+000  5.8500000e-001  5.9260000e+000  4.2600000e+001  2.3817000e+000  6.0000000e+000  3.9100000e+002  1.9200000e+001  3.9690000e+002  1.3590000e+001
  2.3100000e+001  1.7899000e-001  0.0000000e+000  9.6900000e+000  0.0000000e+000  5.8500000e-001  5.6700000e+000  2.8800000e+001  2.7986000e+000  6.0000000e+000  3.9100000e+002  1.9200000e+001  3.9329000e+002  1.7600000e+001
  1.9700000e+001  2.8960000e-001  0.0000000e+000  9.6900000e+000  0.0000000e+000  5.8500000e-001  5.3900000e+000  7.2900000e+001  2.7986000e+000  6.0000000e+000  3.9100000e+002  1.9200000e+001  3.9690000e+002  2.1140000e+001
  1.8300000e+001  2.6838000e-001  0.0000000e+000  9.6900000e+000  0.0000000e+000  5.8500000e-001  5.7940000e+000  7.0600000e+001  2.8927000e+000  6.0000000e+000  3.9100000e+002  1.9200000e+001  3.9690000e+002  1.4100000e+001
  2.1200000e+001  2.3912000e-001  0.0000000e+000  9.6900000e+000  0.0000000e+000  5.8500000e-001  6.0190000e+000  6.5300000e+001  2.4091000e+000  6.0000000e+000  3.9100000e+002  1.9200000e+001  3.9690000e+002  1.2920000e+001
  1.7500000e+001  1.7783000e-001  0.0000000e+000  9.6900000e+000  0.0000000e+000  5.8500000e-001  5.5690000e+000  7.3500000e+001  2.3999000e+000  6.0000000e+000  3.9100000e+002  1.9200000e+001  3.9577000e+002  1.5100000e+001
  1.6800000e+001  2.2438000e-001  0.0000000e+000  9.6900000e+000  0.0000000e+000  5.8500000e-001  6.0270000e+000  7.9700000e+001  2.4982000e+000  6.0000000e+000  3.9100000e+002  1.9200000e+001  3.9690000e+002  1.4330000e+001
  2.2400000e+001  6.2630000e-002  0.0000000e+000  1.1930000e+001  0.0000000e+000  5.7300000e-001  6.5930000e+000  6.9100000e+001  2.4786000e+000  1.0000000e+000  2.7300000e+002  2.1000000e+001  3.9199000e+002  9.6700000e+000
  2.0600000e+001  4.5270000e-002  0.0000000e+000  1.1930000e+001  0.0000000e+000  5.7300000e-001  6.1200000e+000  7.6700000e+001  2.2875000e+000  1.0000000e+000  2.7300000e+002  2.1000000e+001  3.9690000e+002  9.0800000e+000
  2.3900000e+001  6.0760000e-002  0.0000000e+000  1.1930000e+001  0.0000000e+000  5.7300000e-001  6.9760000e+000  9.1000000e+001  2.1675000e+000  1.0000000e+000  2.7300000e+002  2.1000000e+001  3.9690000e+002  5.6400000e+000
  2.2000000e+001  1.0959000e-001  0.0000000e+000  1.1930000e+001  0.0000000e+000  5.7300000e-001  6.7940000e+000  8.9300000e+001  2.3889000e+000  1.0000000e+000  2.7300000e+002  2.1000000e+001  3.9345000e+002  6.4800000e+000
  1.1900000e+001  4.7410000e-002  0.0000000e+000  1.1930000e+001  0.0000000e+000  5.7300000e-001  6.0300000e+000  8.0800000e+001  2.5050000e+000  1.0000000e+000  2.7300000e+002  2.1000000e+001  3.9690000e+002  7.8800000e+000
